0 0.203125 0.820139 0.110937 0.137500
0 0.194922 0.649306 0.074219 0.079167
0 0.344922 0.565972 0.049219 0.068056
0 0.402734 0.605556 0.050781 0.088889
0 0.373047 0.466667 0.033594 0.038889
0 0.444922 0.467361 0.024219 0.037500
0 0.422266 0.436806 0.019531 0.026389
0 0.382812 0.437500 0.023438 0.027778
0 0.406641 0.413194 0.016406 0.026389
0 0.460938 0.425000 0.021875 0.033333
0 0.422656 0.397917 0.017188 0.020833
0 0.448828 0.394444 0.013281 0.022222
1 0.434375 0.373611 0.018750 0.038889
0 0.470703 0.390278 0.016406 0.022222
1 0.947266 0.831250 0.105469 0.284722
0 0.597266 0.593056 0.047656 0.083333
0 0.714453 0.556250 0.044531 0.076389
0 0.608594 0.507639 0.032813 0.051389
0 0.592969 0.451389 0.028125 0.050000
0 0.618359 0.441667 0.022656 0.041667
0 0.526563 0.387500 0.014063 0.025000
0 0.551172 0.393056 0.013281 0.022222
0 0.582422 0.406250 0.014844 0.020833
