0 0.306641 0.963194 0.105469 0.073611
0 0.260547 0.718750 0.083594 0.106944
0 0.359766 0.539583 0.049219 0.068056
0 0.239844 0.593056 0.060937 0.086111
0 0.385937 0.451389 0.029687 0.033333
0 0.450000 0.450000 0.021875 0.036111
0 0.389062 0.430556 0.023438 0.027778
0 0.412109 0.407639 0.016406 0.026389
0 0.461719 0.415278 0.021875 0.033333
1 0.437500 0.369444 0.018750 0.038889
0 0.643359 0.570833 0.047656 0.083333
0 0.785156 0.634028 0.068750 0.118056
0 0.612891 0.484028 0.035156 0.054167
0 0.635938 0.461111 0.028125 0.047222
0 0.527344 0.398611 0.014063 0.025000
0 0.592187 0.415278 0.015625 0.022222
0 0.418750 0.561806 0.045312 0.073611
0 0.673438 0.800694 0.093750 0.187500
0 0.557031 0.404861 0.017188 0.026389
0 0.575000 0.395139 0.015625 0.020833
0 0.471875 0.386111 0.015625 0.025000
