0 0.037109 0.897222 0.072656 0.155556
0 0.219531 0.774306 0.084375 0.120833
0 0.316406 0.585417 0.054688 0.062500
0 0.359766 0.534028 0.044531 0.059722
0 0.323047 0.503472 0.035156 0.040278
0 0.423047 0.567361 0.041406 0.062500
0 0.381250 0.440972 0.021875 0.029167
0 0.411328 0.449306 0.022656 0.029167
0 0.452344 0.456250 0.023438 0.031944
0 0.431250 0.418056 0.018750 0.027778
0 0.464062 0.412500 0.018750 0.027778
0 0.449609 0.386111 0.014844 0.019444
0 0.473047 0.385417 0.011719 0.018056
0 0.429688 0.386806 0.014063 0.018056
1 0.454297 0.356250 0.013281 0.026389
0 0.798438 0.672222 0.078125 0.113889
0 0.642969 0.564583 0.045312 0.065278
0 0.558203 0.475694 0.028906 0.056944
0 0.631250 0.466667 0.025000 0.036111
0 0.573828 0.435417 0.019531 0.029167
0 0.586328 0.404167 0.021094 0.030556
0 0.605859 0.433333 0.019531 0.030556
0 0.535547 0.403472 0.016406 0.023611
