0 0.103906 0.961806 0.146875 0.076389
0 0.098828 0.778472 0.114844 0.118056
0 0.323828 0.931944 0.116406 0.136111
0 0.339844 0.573611 0.046875 0.061111
0 0.415234 0.600000 0.046094 0.063889
0 0.323828 0.509722 0.038281 0.041667
0 0.390234 0.494444 0.030469 0.038889
0 0.425391 0.525000 0.032031 0.047222
0 0.425781 0.431944 0.021875 0.027778
0 0.414453 0.403472 0.014844 0.023611
0 0.455078 0.447222 0.019531 0.027778
0 0.444141 0.398611 0.013281 0.022222
0 0.466016 0.398611 0.013281 0.019444
0 0.437109 0.380556 0.010156 0.016667
0 0.534375 0.404167 0.015625 0.019444
0 0.537500 0.428472 0.017188 0.026389
0 0.589453 0.466667 0.027344 0.033333
1 0.626953 0.429861 0.052344 0.098611
0 0.558594 0.504167 0.031250 0.041667
1 0.714453 0.540278 0.060156 0.108333
1 0.703516 0.880556 0.121094 0.238889
0 0.913672 0.801389 0.124219 0.166667
