0 0.173047 0.690278 0.083594 0.091667
0 0.194531 0.847917 0.120313 0.151389
0 0.366406 0.797222 0.079687 0.130556
0 0.358594 0.543056 0.040625 0.055556
0 0.342969 0.490972 0.032813 0.040278
0 0.397656 0.479167 0.028125 0.036111
0 0.432812 0.501389 0.031250 0.038889
0 0.426172 0.559722 0.039844 0.055556
0 0.429297 0.424306 0.019531 0.023611
0 0.419141 0.397917 0.014844 0.020833
0 0.456641 0.437500 0.017969 0.025000
0 0.448437 0.393056 0.012500 0.019444
0 0.468750 0.394444 0.014063 0.019444
0 0.537891 0.421528 0.017969 0.023611
1 0.569141 0.373611 0.019531 0.038889
0 0.542969 0.453472 0.023438 0.031944
0 0.584375 0.408333 0.014063 0.019444
1 0.649219 0.450694 0.067187 0.118056
0 0.616406 0.515278 0.034375 0.052778
0 0.578125 0.563194 0.040625 0.056944
1 0.783984 0.615972 0.088281 0.156944
