0 0.253125 0.737500 0.090625 0.119444
0 0.220703 0.623611 0.064844 0.066667
0 0.391797 0.707639 0.064844 0.106944
0 0.371875 0.518750 0.034375 0.045833
0 0.356641 0.471528 0.027344 0.034722
0 0.405469 0.468056 0.025000 0.036111
0 0.438281 0.482639 0.028125 0.037500
0 0.433203 0.533333 0.033594 0.047222
0 0.433984 0.417361 0.017969 0.023611
0 0.459766 0.428472 0.017969 0.023611
0 0.423828 0.391667 0.013281 0.019444
0 0.451172 0.388889 0.010156 0.019444
0 0.469922 0.388194 0.011719 0.018056
0 0.444141 0.375000 0.010156 0.013889
0 0.530078 0.399306 0.016406 0.020833
0 0.544922 0.376389 0.010156 0.016667
0 0.555078 0.400000 0.013281 0.022222
1 0.575000 0.379167 0.021875 0.038889
0 0.594531 0.419444 0.015625 0.027778
0 0.544922 0.440972 0.021094 0.029167
0 0.553516 0.484028 0.025781 0.040278
1 0.678516 0.482639 0.085156 0.148611
0 0.662109 0.593750 0.052344 0.068056
0 0.609375 0.671528 0.060937 0.081944
1 0.901172 0.749306 0.147656 0.243056
