0 0.295312 0.658333 0.067187 0.094444
0 0.258984 0.581944 0.050781 0.058333
0 0.408984 0.636111 0.050781 0.077778
0 0.383984 0.497917 0.032031 0.043056
0 0.368750 0.456944 0.023438 0.027778
0 0.440234 0.507639 0.028906 0.043056
0 0.410156 0.455556 0.023438 0.030556
0 0.443750 0.466667 0.023438 0.030556
0 0.436328 0.410417 0.016406 0.023611
0 0.428906 0.386806 0.012500 0.018056
0 0.462109 0.420139 0.016406 0.023611
0 0.453516 0.384722 0.011719 0.016667
0 0.473438 0.384722 0.014063 0.016667
0 0.533594 0.411111 0.015625 0.025000
0 0.548047 0.383333 0.010156 0.016667
0 0.529297 0.388889 0.013281 0.019444
1 0.580859 0.385417 0.024219 0.045833
0 0.562109 0.415278 0.017969 0.025000
0 0.552734 0.469444 0.025781 0.038889
0 0.569141 0.533333 0.035156 0.055556
0 0.608203 0.436806 0.017969 0.031944
1 0.728906 0.532639 0.125000 0.204167
0 0.773047 0.791667 0.103906 0.152778
0 0.703516 0.935417 0.121094 0.129167
