0 0.286328 0.547222 0.044531 0.047222
0 0.323828 0.611806 0.055469 0.076389
0 0.419922 0.592361 0.046094 0.068056
0 0.392969 0.481944 0.028125 0.036111
0 0.378906 0.443750 0.023438 0.029167
0 0.414844 0.446528 0.021875 0.031944
0 0.445312 0.489583 0.026562 0.040278
0 0.447656 0.453472 0.020313 0.029167
0 0.440625 0.405556 0.014063 0.019444
0 0.465234 0.411806 0.016406 0.020833
0 0.434375 0.383333 0.012500 0.019444
0 0.475781 0.378472 0.010937 0.015278
0 0.456250 0.383333 0.012500 0.016667
0 0.531641 0.400000 0.014844 0.025000
0 0.552734 0.392361 0.014844 0.020833
0 0.539453 0.427083 0.017969 0.029167
0 0.570312 0.429167 0.020313 0.030556
1 0.588672 0.395139 0.030469 0.054167
0 0.625000 0.458333 0.025000 0.036111
0 0.567969 0.510417 0.032813 0.051389
0 0.595703 0.615278 0.050781 0.083333
1 0.805469 0.609028 0.195312 0.304167
