1 0.889062 0.733333 0.221875 0.455556
0 0.185547 0.858333 0.125781 0.155556
0 0.345313 0.568056 0.046875 0.066667
0 0.310937 0.522222 0.032813 0.044444
0 0.429688 0.554167 0.037500 0.052778
0 0.400781 0.469444 0.025000 0.038889
0 0.388672 0.432639 0.019531 0.026389
0 0.419922 0.438194 0.021094 0.026389
0 0.449609 0.470833 0.024219 0.030556
0 0.452734 0.441667 0.019531 0.025000
0 0.443750 0.400000 0.014063 0.019444
0 0.466797 0.403472 0.014844 0.018056
0 0.437891 0.377778 0.010156 0.016667
0 0.477344 0.377083 0.009375 0.012500
0 0.458203 0.379861 0.008594 0.012500
0 0.527734 0.384028 0.013281 0.018056
0 0.535156 0.415278 0.018750 0.030556
0 0.557422 0.401389 0.014844 0.022222
0 0.545312 0.452083 0.023438 0.031944
0 0.583594 0.454167 0.023438 0.038889
1 0.600000 0.407639 0.037500 0.062500
0 0.650781 0.488889 0.029687 0.041667
0 0.594531 0.585417 0.046875 0.068056
0 0.659766 0.804861 0.091406 0.168056
