0 0.065234 0.813194 0.128906 0.137500
0 0.249609 0.747222 0.091406 0.113889
0 0.360547 0.540972 0.041406 0.059722
0 0.329688 0.502083 0.034375 0.040278
0 0.436328 0.529861 0.035156 0.051389
0 0.407031 0.457639 0.023438 0.034722
0 0.397266 0.423611 0.017969 0.025000
0 0.425000 0.429167 0.017188 0.022222
0 0.454688 0.459722 0.023438 0.030556
0 0.456250 0.432639 0.018750 0.029167
0 0.446094 0.393750 0.012500 0.018056
0 0.469531 0.400694 0.012500 0.020833
0 0.479297 0.372917 0.010156 0.012500
0 0.440234 0.373611 0.011719 0.016667
0 0.459766 0.376389 0.010156 0.016667
0 0.531250 0.394444 0.012500 0.022222
0 0.564063 0.413889 0.014063 0.025000
0 0.540625 0.431250 0.020313 0.029167
0 0.554688 0.482639 0.026562 0.040278
0 0.600391 0.485417 0.030469 0.037500
1 0.615234 0.425694 0.042969 0.073611
0 0.686328 0.531250 0.036719 0.051389
0 0.647266 0.726389 0.075781 0.125000
0 0.286719 0.930556 0.132812 0.138889
