0 0.125781 0.945833 0.143750 0.108333
0 0.152344 0.706944 0.096875 0.094444
0 0.342187 0.790278 0.087500 0.136111
0 0.294141 0.663889 0.067969 0.080556
0 0.374609 0.514583 0.035156 0.048611
0 0.343359 0.481944 0.028906 0.033333
0 0.440625 0.506944 0.029687 0.041667
0 0.411719 0.445833 0.021875 0.030556
0 0.457813 0.446528 0.021875 0.031944
0 0.460156 0.422917 0.017188 0.026389
0 0.428906 0.422917 0.017188 0.023611
0 0.403906 0.415972 0.018750 0.023611
0 0.447656 0.390278 0.014063 0.019444
0 0.471094 0.393750 0.012500 0.018056
0 0.534766 0.407639 0.016406 0.023611
0 0.527734 0.380556 0.011719 0.016667
0 0.573828 0.431250 0.016406 0.026389
0 0.548828 0.454167 0.024219 0.033333
1 0.637891 0.448611 0.055469 0.088889
0 0.572266 0.538889 0.035156 0.055556
0 0.632031 0.543750 0.040625 0.054167
0 0.747656 0.604861 0.056250 0.076389
