0 0.215234 0.823611 0.103906 0.127778
0 0.208203 0.640972 0.074219 0.079167
0 0.325000 0.610417 0.056250 0.070833
0 0.372656 0.695139 0.067187 0.098611
0 0.384375 0.495833 0.031250 0.044444
0 0.356250 0.470139 0.025000 0.031944
0 0.446484 0.488194 0.027344 0.037500
0 0.417187 0.437500 0.018750 0.025000
0 0.410938 0.407639 0.015625 0.020833
0 0.432422 0.415972 0.016406 0.018056
0 0.459766 0.436111 0.017969 0.019444
0 0.462891 0.414583 0.016406 0.023611
0 0.530469 0.388889 0.012500 0.019444
0 0.540234 0.422222 0.019531 0.030556
0 0.561328 0.489583 0.028906 0.045833
0 0.583984 0.454861 0.021094 0.031944
1 0.669141 0.482639 0.072656 0.115278
0 0.600781 0.631944 0.050000 0.086111
0 0.683594 0.634722 0.056250 0.083333
0 0.855859 0.730556 0.088281 0.122222
