0 0.055859 0.831250 0.110156 0.140278
0 0.276562 0.720833 0.075000 0.097222
0 0.252344 0.588194 0.060937 0.062500
0 0.349219 0.568056 0.048438 0.061111
0 0.394922 0.628472 0.053906 0.087500
0 0.394141 0.477778 0.032031 0.038889
0 0.367578 0.457639 0.021094 0.029167
0 0.450781 0.473611 0.023438 0.036111
0 0.422266 0.431250 0.019531 0.023611
0 0.462500 0.426389 0.017188 0.022222
0 0.466406 0.409028 0.014063 0.020833
0 0.435937 0.409028 0.014063 0.018056
0 0.417187 0.403472 0.015625 0.020833
0 0.533984 0.402083 0.014844 0.020833
0 0.547266 0.445833 0.024219 0.033333
0 0.604688 0.490278 0.026562 0.038889
0 0.580078 0.544444 0.038281 0.063889
1 0.721484 0.535417 0.108594 0.162500
0 0.672656 0.864583 0.103125 0.184722
0 0.818750 0.878472 0.120313 0.179167
