0 0.095312 0.776389 0.115625 0.119444
0 0.291797 0.956250 0.121094 0.087500
0 0.265625 0.680556 0.062500 0.091667
0 0.342969 0.552778 0.046875 0.055556
0 0.337109 0.486111 0.030469 0.038889
0 0.372266 0.511111 0.038281 0.050000
0 0.432812 0.530556 0.035937 0.052778
0 0.389453 0.430556 0.019531 0.030556
0 0.417969 0.440278 0.018750 0.027778
0 0.456250 0.441667 0.020313 0.027778
0 0.434766 0.409722 0.016406 0.025000
0 0.432812 0.385417 0.012500 0.018056
0 0.465625 0.403472 0.017188 0.026389
0 0.453516 0.384028 0.013281 0.018056
1 0.457031 0.354167 0.012500 0.027778
0 0.474609 0.380556 0.011719 0.016667
0 0.946484 0.877083 0.107031 0.209722
0 0.705859 0.679861 0.071094 0.104167
1 0.574609 0.527083 0.041406 0.079167
0 0.654687 0.495833 0.034375 0.047222
0 0.620313 0.451389 0.025000 0.036111
0 0.595703 0.414583 0.022656 0.037500
0 0.585547 0.459722 0.022656 0.033333
0 0.541406 0.418750 0.018750 0.029167
0 0.559766 0.411806 0.014844 0.023611
0 0.572656 0.389583 0.014063 0.023611
