0 0.132031 0.725000 0.096875 0.102778
0 0.317188 0.654861 0.062500 0.081944
0 0.283203 0.555556 0.050781 0.055556
0 0.366016 0.538194 0.042969 0.051389
0 0.409766 0.583333 0.046094 0.072222
0 0.376563 0.445139 0.020313 0.026389
0 0.401953 0.464583 0.025781 0.034722
0 0.453125 0.461111 0.020313 0.033333
0 0.426953 0.424306 0.017969 0.026389
0 0.439063 0.404861 0.014063 0.018056
0 0.421875 0.395833 0.012500 0.019444
0 0.466016 0.418056 0.016406 0.019444
0 0.467969 0.401389 0.010937 0.019444
0 0.453906 0.379167 0.010937 0.016667
0 0.538281 0.416667 0.017188 0.025000
0 0.558594 0.474306 0.028125 0.040278
0 0.632031 0.538889 0.039062 0.052778
0 0.612500 0.638194 0.056250 0.095833
1 0.810156 0.624306 0.176563 0.243056
