0 0.094531 0.939583 0.151562 0.120833
0 0.196094 0.650694 0.073438 0.087500
0 0.350781 0.603472 0.051562 0.065278
0 0.307812 0.525694 0.042188 0.045833
0 0.380469 0.512500 0.035937 0.044444
0 0.421094 0.545139 0.042188 0.059722
0 0.384375 0.435417 0.018750 0.023611
0 0.407813 0.453472 0.025000 0.034722
0 0.455859 0.448611 0.019531 0.027778
0 0.431250 0.418056 0.015625 0.022222
0 0.444141 0.400694 0.014844 0.020833
0 0.467578 0.411111 0.016406 0.019444
0 0.426172 0.391667 0.011719 0.016667
0 0.546094 0.439583 0.020313 0.031944
0 0.572656 0.522917 0.034375 0.054167
0 0.685156 0.631944 0.056250 0.080556
0 0.697266 0.878472 0.105469 0.204167
1 0.916797 0.784028 0.166406 0.398611
