0 0.038672 0.893056 0.074219 0.155556
0 0.188281 0.814583 0.107813 0.134722
0 0.237891 0.602083 0.060156 0.065278
0 0.374219 0.568056 0.045312 0.058333
0 0.326953 0.506944 0.035156 0.041667
0 0.391797 0.492361 0.032031 0.037500
0 0.429297 0.518056 0.035156 0.052778
0 0.390625 0.427778 0.018750 0.025000
0 0.412891 0.442361 0.022656 0.029167
0 0.458203 0.438194 0.016406 0.026389
0 0.434766 0.411111 0.017969 0.019444
0 0.469531 0.404861 0.014063 0.018056
0 0.472656 0.390972 0.010937 0.018056
0 0.446094 0.395139 0.010937 0.018056
0 0.430469 0.384722 0.009375 0.013889
0 0.567187 0.388194 0.010937 0.015278
0 0.556641 0.469444 0.022656 0.041667
0 0.599609 0.599306 0.049219 0.076389
0 0.791797 0.817361 0.099219 0.151389
