0 0.118750 0.752083 0.096875 0.112500
0 0.254688 0.704167 0.079687 0.091667
0 0.272656 0.561806 0.050000 0.062500
0 0.344141 0.484722 0.030469 0.036111
0 0.401953 0.475694 0.027344 0.034722
0 0.393750 0.536806 0.037500 0.045833
0 0.435547 0.494444 0.030469 0.050000
0 0.419531 0.432639 0.020313 0.029167
0 0.398047 0.420139 0.019531 0.023611
0 0.462109 0.430556 0.016406 0.025000
0 0.437891 0.406250 0.016406 0.020833
0 0.471484 0.397222 0.013281 0.019444
0 0.475391 0.386111 0.011719 0.013889
0 0.450000 0.390278 0.010937 0.013889
0 0.435156 0.381944 0.010937 0.013889
0 0.576562 0.399306 0.014063 0.020833
0 0.574609 0.515278 0.033594 0.050000
0 0.660937 0.784722 0.087500 0.161111
