0 0.152344 0.890278 0.135937 0.163889
0 0.330859 0.852778 0.111719 0.186111
0 0.187500 0.670833 0.073438 0.088889
0 0.294141 0.636806 0.061719 0.073611
0 0.298047 0.532639 0.042969 0.051389
0 0.357812 0.470139 0.028125 0.034722
0 0.408594 0.511111 0.031250 0.047222
0 0.408203 0.462500 0.024219 0.030556
0 0.439844 0.477778 0.026562 0.038889
0 0.403906 0.412500 0.014063 0.019444
0 0.422656 0.423611 0.018750 0.022222
0 0.441797 0.402083 0.014844 0.020833
0 0.462500 0.422222 0.017188 0.019444
0 0.473828 0.395139 0.011719 0.015278
0 0.476172 0.380556 0.010156 0.013889
0 0.452344 0.386806 0.010937 0.015278
0 0.439453 0.379861 0.010156 0.015278
0 0.587891 0.412500 0.016406 0.019444
0 0.603125 0.589583 0.048438 0.068056
