0 0.234375 0.749306 0.096875 0.120833
0 0.369141 0.731944 0.080469 0.133333
0 0.237109 0.607639 0.058594 0.073611
0 0.326172 0.585417 0.052344 0.059722
0 0.319141 0.509028 0.036719 0.045833
0 0.369141 0.457639 0.025781 0.029167
0 0.421875 0.492361 0.029687 0.043056
0 0.445312 0.461111 0.026562 0.036111
0 0.414453 0.447222 0.024219 0.027778
0 0.410547 0.406944 0.013281 0.019444
0 0.427734 0.417361 0.017969 0.020833
0 0.444922 0.397222 0.014844 0.016667
0 0.465625 0.413889 0.014063 0.019444
0 0.454688 0.384028 0.009375 0.012500
0 0.603906 0.434028 0.020313 0.023611
0 0.664062 0.754861 0.082812 0.129167
