0 0.282813 0.668056 0.070312 0.094444
0 0.270703 0.569444 0.049219 0.058333
0 0.392188 0.656250 0.064062 0.106944
0 0.346094 0.550000 0.043750 0.052778
0 0.335156 0.493750 0.032813 0.037500
0 0.377734 0.443750 0.024219 0.026389
0 0.431250 0.477778 0.025000 0.033333
0 0.450000 0.448611 0.023438 0.030556
0 0.421094 0.438194 0.020313 0.023611
0 0.431641 0.411111 0.014844 0.019444
0 0.415234 0.400694 0.014844 0.020833
0 0.447656 0.392361 0.012500 0.018056
0 0.467578 0.406944 0.013281 0.019444
0 0.456641 0.380556 0.010156 0.013889
0 0.624219 0.461111 0.026562 0.033333
