0 0.121484 0.951389 0.136719 0.097222
0 0.317969 0.604167 0.056250 0.069444
0 0.298828 0.538194 0.041406 0.054167
0 0.411328 0.603472 0.052344 0.084722
0 0.366406 0.522222 0.037500 0.047222
0 0.351953 0.473611 0.032031 0.038889
0 0.386328 0.434028 0.022656 0.023611
0 0.439844 0.461111 0.023438 0.030556
0 0.452734 0.436806 0.017969 0.029167
0 0.424219 0.429167 0.018750 0.025000
0 0.434766 0.404861 0.013281 0.018056
0 0.470703 0.403472 0.013281 0.018056
0 0.450781 0.386806 0.010937 0.018056
0 0.660547 0.502778 0.035156 0.041667
