0 0.215625 0.814583 0.101562 0.140278
0 0.321484 0.929861 0.110156 0.140278
0 0.342969 0.567361 0.045312 0.059722
0 0.318750 0.512500 0.034375 0.041667
0 0.421484 0.564583 0.046094 0.070833
0 0.380469 0.500000 0.031250 0.041667
0 0.362109 0.461111 0.022656 0.030556
0 0.393750 0.428472 0.020313 0.023611
0 0.444922 0.448611 0.021094 0.025000
0 0.430469 0.420833 0.017188 0.025000
0 0.455469 0.429167 0.017188 0.025000
0 0.439063 0.398611 0.014063 0.019444
0 0.472266 0.397222 0.014844 0.019444
0 0.541797 0.370139 0.010156 0.020833
0 0.557813 0.374306 0.009375 0.012500
0 0.453125 0.384028 0.012500 0.018056
0 0.425000 0.390972 0.009375 0.012500
0 0.719141 0.572222 0.052344 0.063889
