0 0.279297 0.700694 0.071094 0.104167
0 0.368750 0.784028 0.078125 0.120833
0 0.363281 0.531944 0.037500 0.052778
0 0.336328 0.494444 0.032031 0.038889
0 0.393359 0.477778 0.025781 0.038889
0 0.373828 0.448611 0.022656 0.027778
0 0.432031 0.533333 0.035937 0.063889
0 0.400391 0.419444 0.017969 0.025000
0 0.449609 0.438194 0.017969 0.026389
0 0.433984 0.415972 0.014844 0.020833
0 0.459375 0.418750 0.017188 0.023611
0 0.443359 0.393750 0.011719 0.015278
0 0.428906 0.387500 0.010937 0.016667
0 0.474219 0.392361 0.012500 0.015278
0 0.456641 0.381250 0.010156 0.015278
0 0.545703 0.377083 0.011719 0.018056
0 0.562109 0.377778 0.008594 0.013889
0 0.855469 0.740972 0.098437 0.120833
