0 0.127344 0.931944 0.151562 0.136111
0 0.160156 0.701389 0.090625 0.094444
0 0.347266 0.813889 0.092969 0.138889
0 0.293750 0.622222 0.051562 0.075000
0 0.363281 0.529167 0.043750 0.047222
0 0.349609 0.473611 0.030469 0.038889
0 0.382422 0.493056 0.036719 0.047222
0 0.441797 0.504861 0.032031 0.045833
0 0.394922 0.425000 0.017969 0.030556
0 0.460156 0.433333 0.018750 0.030556
0 0.423828 0.431944 0.019531 0.025000
0 0.437891 0.404167 0.016406 0.027778
0 0.468359 0.396528 0.016406 0.026389
0 0.456250 0.379167 0.012500 0.019444
1 0.459375 0.353472 0.014063 0.029167
0 0.847656 0.909722 0.143750 0.180556
1 0.600781 0.609028 0.056250 0.112500
0 0.682813 0.530556 0.039062 0.055556
0 0.603125 0.493750 0.028125 0.043056
0 0.638672 0.475694 0.028906 0.040278
0 0.547266 0.438194 0.022656 0.037500
0 0.605469 0.427778 0.025000 0.041667
0 0.566406 0.422917 0.018750 0.026389
0 0.577344 0.393750 0.014063 0.026389
0 0.539062 0.409722 0.015625 0.025000
0 0.549219 0.388194 0.014063 0.023611
