0 0.048828 0.839583 0.096094 0.140278
0 0.342969 0.583333 0.045312 0.061111
0 0.412109 0.620833 0.047656 0.072222
0 0.391797 0.486806 0.030469 0.040278
0 0.363672 0.461806 0.024219 0.031944
0 0.445312 0.486806 0.031250 0.048611
0 0.411328 0.450000 0.022656 0.030556
0 0.390625 0.429167 0.018750 0.022222
0 0.456641 0.422222 0.014844 0.022222
0 0.411719 0.405556 0.015625 0.016667
0 0.441797 0.402083 0.013281 0.020833
0 0.465234 0.408333 0.014844 0.025000
1 0.557031 0.397917 0.015625 0.029167
1 0.574609 0.394444 0.011719 0.022222
