0 0.117969 0.736806 0.096875 0.109722
0 0.190625 0.835417 0.121875 0.151389
0 0.360938 0.548611 0.039062 0.050000
0 0.422266 0.576389 0.042969 0.061111
0 0.400781 0.470139 0.026562 0.034722
0 0.374219 0.448611 0.021875 0.027778
0 0.448828 0.473611 0.027344 0.044444
0 0.417969 0.438194 0.020313 0.026389
0 0.398047 0.421528 0.017969 0.023611
0 0.416016 0.400694 0.016406 0.020833
0 0.459766 0.415278 0.014844 0.022222
0 0.467187 0.401389 0.012500 0.022222
0 0.445312 0.399306 0.012500 0.018056
0 0.478906 0.379167 0.009375 0.013889
0 0.452734 0.383333 0.011719 0.016667
1 0.564844 0.412500 0.017188 0.033333
0 0.548828 0.384722 0.010156 0.016667
1 0.583984 0.407639 0.014844 0.026389
