0 0.182422 0.661111 0.074219 0.083333
0 0.260937 0.712500 0.084375 0.111111
0 0.376563 0.520833 0.034375 0.044444
0 0.431250 0.540278 0.035937 0.052778
0 0.409375 0.454861 0.023438 0.031944
0 0.383984 0.438889 0.019531 0.027778
0 0.450781 0.458333 0.026562 0.038889
0 0.424609 0.429167 0.016406 0.022222
0 0.405078 0.413889 0.016406 0.022222
0 0.462500 0.410417 0.015625 0.018056
0 0.448437 0.393750 0.012500 0.018056
0 0.421094 0.395833 0.012500 0.016667
0 0.556250 0.394444 0.014063 0.019444
1 0.578516 0.434028 0.024219 0.043056
0 0.596484 0.423611 0.017969 0.030556
