0 0.226562 0.612500 0.059375 0.072222
0 0.302344 0.639583 0.067187 0.087500
0 0.388672 0.498611 0.030469 0.038889
0 0.437109 0.515972 0.032031 0.043056
0 0.417187 0.443750 0.020313 0.029167
0 0.392578 0.429861 0.017969 0.026389
0 0.409766 0.409028 0.014844 0.026389
0 0.430078 0.418750 0.014844 0.020833
0 0.455078 0.447222 0.022656 0.033333
0 0.464062 0.404167 0.012500 0.019444
0 0.470703 0.393056 0.011719 0.019444
0 0.451562 0.389583 0.012500 0.018056
0 0.457813 0.374306 0.010937 0.015278
0 0.424219 0.390972 0.014063 0.015278
0 0.546875 0.378472 0.009375 0.015278
0 0.565234 0.406944 0.014844 0.022222
1 0.595703 0.462500 0.028906 0.052778
0 0.615625 0.443056 0.018750 0.030556
