0 0.044531 0.868056 0.087500 0.147222
0 0.300781 0.881250 0.093750 0.151389
0 0.261328 0.569444 0.050781 0.063889
0 0.333594 0.588194 0.051562 0.076389
0 0.398828 0.480556 0.025781 0.036111
0 0.442578 0.495139 0.027344 0.037500
0 0.400781 0.418750 0.017188 0.023611
0 0.422266 0.431944 0.019531 0.025000
0 0.457422 0.434722 0.021094 0.030556
0 0.415625 0.402083 0.014063 0.018056
0 0.435156 0.413194 0.014063 0.018056
0 0.466797 0.400000 0.011719 0.019444
0 0.454688 0.385417 0.012500 0.015278
0 0.429688 0.387500 0.012500 0.016667
0 0.525000 0.377778 0.010937 0.013889
0 0.551953 0.385417 0.011719 0.018056
0 0.578906 0.423611 0.018750 0.022222
1 0.628906 0.515972 0.039062 0.076389
0 0.641797 0.476389 0.027344 0.041667
