0 0.103516 0.761111 0.113281 0.113889
0 0.346875 0.749306 0.067187 0.106944
0 0.286719 0.543056 0.042188 0.055556
0 0.355078 0.552083 0.044531 0.062500
0 0.408594 0.465278 0.023438 0.033333
0 0.447266 0.480556 0.024219 0.036111
0 0.459375 0.428472 0.020313 0.029167
0 0.429688 0.424306 0.018750 0.026389
0 0.406641 0.412500 0.014844 0.022222
0 0.419531 0.395139 0.012500 0.018056
0 0.468750 0.393750 0.012500 0.018056
0 0.456250 0.381250 0.010937 0.015278
0 0.526172 0.384722 0.011719 0.019444
0 0.556641 0.393750 0.014844 0.018056
0 0.595703 0.445833 0.022656 0.030556
1 0.684375 0.609028 0.065625 0.115278
0 0.683594 0.528472 0.037500 0.056944
