0 0.172266 0.681250 0.083594 0.093056
0 0.377344 0.659028 0.051562 0.076389
0 0.112891 0.946528 0.155469 0.106944
0 0.307031 0.519444 0.037500 0.050000
0 0.373047 0.521528 0.038281 0.054167
0 0.415625 0.453472 0.020313 0.031944
0 0.449609 0.463889 0.024219 0.036111
0 0.433594 0.414583 0.017188 0.023611
0 0.461328 0.418056 0.019531 0.027778
0 0.412891 0.405556 0.013281 0.019444
0 0.470313 0.388194 0.010937 0.015278
0 0.460156 0.378472 0.009375 0.015278
0 0.424219 0.393056 0.010937 0.016667
0 0.530078 0.397917 0.013281 0.020833
0 0.563281 0.406250 0.014063 0.020833
0 0.622656 0.480556 0.029687 0.044444
0 0.770703 0.629861 0.066406 0.087500
1 0.854688 0.877083 0.157812 0.240278
