0 0.049219 0.874306 0.096875 0.134722
0 0.279687 0.928472 0.129688 0.143056
0 0.210156 0.818056 0.106250 0.144444
0 0.217578 0.627083 0.067969 0.079167
0 0.395313 0.606250 0.045312 0.062500
0 0.323437 0.501389 0.034375 0.041667
0 0.385547 0.499306 0.035156 0.045833
0 0.420312 0.441667 0.018750 0.027778
0 0.451562 0.454861 0.023438 0.029167
0 0.438672 0.407639 0.014844 0.020833
0 0.463672 0.413194 0.016406 0.029167
0 0.418359 0.401389 0.013281 0.019444
0 0.428516 0.388194 0.011719 0.018056
0 0.471484 0.385417 0.010156 0.015278
0 0.535156 0.411111 0.014063 0.027778
0 0.570312 0.420139 0.015625 0.023611
1 0.573047 0.372222 0.025781 0.058333
0 0.660937 0.529861 0.040625 0.054167
0 0.950391 0.868056 0.099219 0.197222
