0 0.120703 0.756944 0.103906 0.105556
0 0.274219 0.698611 0.076563 0.102778
0 0.341406 0.779861 0.085938 0.118056
0 0.253516 0.584722 0.057031 0.061111
0 0.410938 0.563194 0.035937 0.059722
0 0.338281 0.481944 0.029687 0.041667
0 0.398438 0.477778 0.029687 0.044444
0 0.425391 0.431250 0.016406 0.026389
0 0.456250 0.440972 0.020313 0.026389
0 0.423438 0.393056 0.012500 0.016667
0 0.441406 0.400694 0.012500 0.020833
0 0.465625 0.404861 0.015625 0.023611
0 0.473828 0.380556 0.011719 0.016667
0 0.543359 0.431944 0.017969 0.027778
1 0.579688 0.377778 0.028125 0.066667
0 0.582422 0.441667 0.022656 0.033333
0 0.739844 0.629167 0.065625 0.086111
