0 0.037891 0.907639 0.074219 0.159722
0 0.221875 0.793750 0.104688 0.131944
0 0.212109 0.638889 0.072656 0.077778
0 0.310547 0.575000 0.039844 0.061111
0 0.382812 0.691667 0.065625 0.100000
0 0.387109 0.509028 0.039844 0.051389
0 0.360547 0.461806 0.025781 0.037500
0 0.390625 0.473611 0.029687 0.038889
0 0.446484 0.482639 0.028906 0.043056
0 0.401172 0.418056 0.017969 0.025000
0 0.427734 0.422917 0.016406 0.023611
0 0.462891 0.421528 0.016406 0.029167
0 0.442578 0.398611 0.016406 0.025000
0 0.471484 0.392361 0.014844 0.026389
0 0.526563 0.380556 0.012500 0.022222
0 0.555078 0.397917 0.013281 0.023611
0 0.583203 0.402778 0.016406 0.025000
0 0.544922 0.423611 0.019531 0.027778
0 0.556250 0.465972 0.025000 0.043056
0 0.577344 0.443056 0.020313 0.030556
1 0.619531 0.443750 0.029687 0.048611
0 0.663672 0.504861 0.033594 0.054167
0 0.633203 0.547917 0.041406 0.056944
0 0.734375 0.595139 0.054688 0.079167
1 0.673828 0.824306 0.108594 0.234722
