0 0.178906 0.684722 0.079687 0.083333
0 0.312500 0.631250 0.060937 0.081944
0 0.375000 0.682639 0.065625 0.093056
0 0.281250 0.552083 0.048438 0.051389
0 0.350000 0.469444 0.026562 0.033333
0 0.420703 0.533333 0.030469 0.044444
0 0.406641 0.464583 0.025781 0.034722
0 0.430078 0.422222 0.014844 0.022222
0 0.458594 0.431250 0.017188 0.026389
0 0.444531 0.395833 0.010937 0.022222
0 0.426563 0.390972 0.010937 0.018056
0 0.467578 0.401389 0.014844 0.022222
0 0.435937 0.381944 0.010937 0.013889
0 0.551172 0.391667 0.011719 0.019444
1 0.586719 0.384722 0.029687 0.069444
0 0.551953 0.458333 0.019531 0.033333
0 0.596094 0.464583 0.025000 0.037500
0 0.912109 0.848611 0.130469 0.186111
