0 0.224609 0.629861 0.063281 0.073611
0 0.304297 0.527083 0.041406 0.045833
0 0.340234 0.576389 0.050781 0.063889
0 0.398828 0.615972 0.052344 0.073611
0 0.429688 0.507639 0.029687 0.043056
0 0.361719 0.458333 0.025000 0.033333
0 0.415625 0.448611 0.021875 0.036111
0 0.434766 0.413194 0.016406 0.023611
0 0.460938 0.425000 0.018750 0.025000
0 0.469531 0.396528 0.014063 0.023611
0 0.448828 0.389583 0.013281 0.018056
0 0.431641 0.386111 0.011719 0.013889
0 0.477344 0.375694 0.009375 0.015278
0 0.524219 0.372222 0.010937 0.019444
0 0.543750 0.370833 0.010937 0.016667
0 0.554688 0.400694 0.010937 0.026389
1 0.598828 0.395833 0.036719 0.083333
0 0.568750 0.509028 0.029687 0.048611
0 0.621094 0.507639 0.032813 0.045833
