0 0.179688 0.852083 0.112500 0.143056
0 0.257422 0.590278 0.053906 0.063889
0 0.322266 0.506944 0.035156 0.041667
0 0.360547 0.542361 0.039844 0.054167
0 0.413281 0.568750 0.045312 0.056944
0 0.372266 0.447917 0.022656 0.031944
0 0.420703 0.440972 0.022656 0.034722
0 0.436719 0.488194 0.028125 0.034722
0 0.439844 0.406944 0.014063 0.022222
0 0.460938 0.418750 0.017188 0.026389
0 0.433984 0.381250 0.010156 0.012500
0 0.451953 0.385417 0.010156 0.018056
0 0.471484 0.392361 0.014844 0.020833
0 0.525391 0.378472 0.010156 0.018056
0 0.545703 0.375694 0.011719 0.020833
0 0.561719 0.413194 0.015625 0.026389
1 0.610547 0.409028 0.041406 0.095833
0 0.596094 0.584028 0.042188 0.073611
0 0.659766 0.575000 0.047656 0.066667
