0 0.059375 0.815972 0.115625 0.154167
0 0.252344 0.720139 0.076563 0.098611
0 0.284766 0.556250 0.044531 0.051389
0 0.338281 0.487500 0.032813 0.038889
0 0.377734 0.512500 0.033594 0.047222
0 0.425781 0.532639 0.037500 0.051389
0 0.378906 0.435417 0.017188 0.031944
0 0.426563 0.429861 0.018750 0.029167
0 0.441016 0.473611 0.022656 0.033333
0 0.463672 0.411111 0.016406 0.022222
0 0.443750 0.400694 0.014063 0.018056
0 0.437109 0.379861 0.011719 0.018056
0 0.453906 0.378472 0.009375 0.018056
0 0.473438 0.386111 0.012500 0.019444
0 0.528516 0.388194 0.010156 0.018056
0 0.547656 0.382639 0.012500 0.018056
0 0.572266 0.430556 0.016406 0.030556
1 0.629297 0.427778 0.053906 0.116667
0 0.669141 0.788194 0.085156 0.151389
0 0.745703 0.724306 0.077344 0.120833
