0 0.131641 0.719444 0.100781 0.119444
0 0.295703 0.645139 0.058594 0.076389
0 0.306250 0.532639 0.039062 0.048611
0 0.349609 0.475000 0.030469 0.036111
0 0.389453 0.491667 0.030469 0.038889
0 0.434766 0.508333 0.033594 0.041667
0 0.386719 0.427778 0.018750 0.022222
0 0.432031 0.420833 0.020313 0.025000
0 0.445312 0.460417 0.021875 0.031944
0 0.441016 0.374306 0.010156 0.015278
0 0.447266 0.395833 0.013281 0.016667
0 0.463281 0.406944 0.015625 0.019444
0 0.475000 0.382639 0.014063 0.018056
0 0.532813 0.400000 0.012500 0.022222
0 0.551953 0.390972 0.013281 0.018056
0 0.585156 0.453472 0.020313 0.037500
1 0.654687 0.451389 0.071875 0.144444
