0 0.135937 0.909028 0.160938 0.181944
0 0.195703 0.644444 0.082031 0.094444
0 0.326953 0.588889 0.050781 0.063889
0 0.323828 0.511111 0.032031 0.044444
0 0.362891 0.461806 0.025781 0.031944
0 0.400781 0.470833 0.026562 0.038889
0 0.441797 0.484028 0.028906 0.040278
0 0.448828 0.449306 0.019531 0.029167
0 0.394141 0.420833 0.017969 0.025000
0 0.435156 0.413194 0.015625 0.026389
0 0.466016 0.402083 0.013281 0.020833
0 0.451562 0.388889 0.012500 0.016667
0 0.444141 0.372917 0.010156 0.015278
0 0.476562 0.379167 0.010937 0.019444
0 0.460938 0.375694 0.009375 0.015278
0 0.525000 0.372917 0.010937 0.015278
0 0.557422 0.401389 0.014844 0.019444
0 0.536719 0.417361 0.014063 0.023611
0 0.602734 0.484722 0.028906 0.052778
1 0.693359 0.489583 0.099219 0.187500
