0 0.211328 0.784028 0.116406 0.129167
0 0.236719 0.598611 0.064062 0.083333
0 0.350391 0.551389 0.041406 0.058333
0 0.339844 0.493750 0.032813 0.040278
0 0.372266 0.450694 0.024219 0.029167
0 0.408984 0.455556 0.024219 0.036111
0 0.447266 0.468750 0.025781 0.034722
0 0.399609 0.414583 0.017969 0.020833
0 0.439453 0.405556 0.014844 0.019444
0 0.452734 0.436806 0.016406 0.023611
0 0.469141 0.397222 0.011719 0.022222
0 0.455469 0.384028 0.010937 0.015278
0 0.478516 0.376389 0.011719 0.019444
0 0.447656 0.370833 0.009375 0.016667
0 0.525781 0.381250 0.010937 0.018056
1 0.568359 0.369444 0.021094 0.047222
0 0.563281 0.412500 0.017188 0.025000
0 0.542969 0.438889 0.017188 0.030556
0 0.632422 0.531250 0.038281 0.068056
1 0.748437 0.548611 0.145313 0.263889
