0 0.058984 0.801389 0.113281 0.125000
0 0.265625 0.697222 0.085938 0.100000
0 0.270703 0.563194 0.052344 0.068056
0 0.369922 0.521528 0.033594 0.045833
0 0.351953 0.477083 0.028906 0.034722
0 0.380859 0.440972 0.022656 0.029167
0 0.417187 0.444444 0.021875 0.033333
0 0.450781 0.454167 0.021875 0.033333
0 0.405469 0.407639 0.014063 0.020833
0 0.456250 0.429861 0.014063 0.020833
0 0.443359 0.399306 0.011719 0.023611
0 0.471484 0.393056 0.013281 0.016667
0 0.457422 0.379167 0.010156 0.016667
0 0.479687 0.374306 0.010937 0.018056
0 0.527344 0.390972 0.012500 0.020833
0 0.542188 0.374306 0.009375 0.018056
1 0.573047 0.373611 0.022656 0.050000
0 0.571875 0.429861 0.018750 0.029167
0 0.553516 0.469444 0.024219 0.036111
0 0.684766 0.625694 0.057031 0.106944
1 0.869922 0.679167 0.260156 0.466667
