0 0.133984 0.710417 0.085156 0.095833
0 0.300781 0.631944 0.068750 0.077778
0 0.294141 0.534028 0.044531 0.059722
0 0.383203 0.500694 0.032031 0.045833
0 0.362891 0.463889 0.025781 0.033333
0 0.388672 0.434028 0.021094 0.026389
0 0.421094 0.434722 0.020313 0.027778
0 0.454297 0.444444 0.021094 0.027778
0 0.458594 0.422917 0.012500 0.023611
0 0.410938 0.402778 0.014063 0.019444
0 0.446484 0.394444 0.011719 0.022222
0 0.472656 0.390278 0.010937 0.019444
0 0.460547 0.376389 0.010156 0.016667
0 0.480859 0.371528 0.010156 0.018056
1 0.526563 0.359722 0.012500 0.027778
0 0.531250 0.402083 0.012500 0.026389
1 0.579297 0.381250 0.024219 0.059722
0 0.581641 0.449306 0.022656 0.031944
0 0.568359 0.518056 0.030469 0.050000
0 0.794531 0.810417 0.107813 0.195833
