0 0.182812 0.874306 0.128125 0.162500
0 0.329297 0.857639 0.094531 0.143056
0 0.191406 0.643056 0.068750 0.075000
0 0.329297 0.586806 0.058594 0.065278
0 0.316016 0.509722 0.036719 0.050000
0 0.373047 0.451389 0.022656 0.027778
0 0.393359 0.478472 0.028906 0.034722
0 0.394531 0.425694 0.021875 0.026389
0 0.427344 0.424306 0.018750 0.029167
0 0.415625 0.396528 0.012500 0.020833
0 0.458984 0.433333 0.021094 0.027778
0 0.460547 0.415972 0.013281 0.020833
0 0.450000 0.388194 0.012500 0.020833
0 0.475781 0.384028 0.010937 0.020833
1 0.527734 0.361806 0.011719 0.031944
0 0.533984 0.419444 0.017969 0.030556
1 0.585547 0.386806 0.027344 0.062500
0 0.598047 0.481250 0.028906 0.040278
0 0.596875 0.617361 0.043750 0.076389
