0 0.086719 0.796528 0.129688 0.120833
0 0.275781 0.694444 0.079687 0.102778
0 0.248828 0.599306 0.060156 0.070833
0 0.323437 0.545139 0.035937 0.056944
0 0.404297 0.615278 0.053906 0.077778
0 0.370312 0.450694 0.025000 0.031944
0 0.407031 0.488194 0.035937 0.037500
0 0.398438 0.461111 0.026562 0.036111
0 0.452734 0.462500 0.024219 0.036111
0 0.406250 0.413194 0.015625 0.026389
0 0.432031 0.415972 0.017188 0.023611
0 0.465234 0.411806 0.014844 0.023611
0 0.528125 0.388194 0.014063 0.020833
0 0.473438 0.387500 0.017188 0.022222
0 0.445703 0.394444 0.016406 0.019444
0 0.561328 0.409028 0.016406 0.029167
0 0.591016 0.411806 0.019531 0.026389
0 0.549609 0.443750 0.017969 0.031944
0 0.590625 0.470139 0.026562 0.043056
0 0.569141 0.502083 0.032031 0.059722
1 0.636328 0.461111 0.032031 0.055556
0 0.697266 0.543750 0.046094 0.065278
0 0.681250 0.632639 0.057813 0.084722
0 0.809766 0.683333 0.078906 0.108333
