0 0.066797 0.820139 0.128906 0.134722
0 0.243359 0.763194 0.092969 0.126389
0 0.371094 0.725694 0.068750 0.106944
0 0.228125 0.600694 0.056250 0.068056
0 0.348438 0.553472 0.046875 0.056944
0 0.332031 0.494444 0.034375 0.047222
0 0.403906 0.461806 0.023438 0.031944
0 0.381641 0.441667 0.021094 0.025000
0 0.401562 0.418750 0.017188 0.023611
0 0.431641 0.415972 0.016406 0.023611
0 0.461328 0.424306 0.019531 0.020833
0 0.421484 0.390972 0.013281 0.015278
0 0.452344 0.384028 0.010937 0.018056
0 0.476562 0.381944 0.010937 0.016667
1 0.530078 0.368750 0.014844 0.034722
0 0.554297 0.402083 0.014844 0.018056
0 0.553125 0.383333 0.010937 0.016667
1 0.593750 0.396528 0.031250 0.070833
0 0.541797 0.440278 0.019531 0.030556
0 0.622266 0.525694 0.036719 0.051389
0 0.669531 0.845833 0.090625 0.166667
