0 0.149609 0.715972 0.092969 0.098611
0 0.289844 0.679167 0.071875 0.100000
0 0.398047 0.632639 0.052344 0.073611
0 0.258594 0.565278 0.045312 0.055556
0 0.364844 0.522222 0.040625 0.050000
0 0.346484 0.477083 0.030469 0.043056
0 0.389844 0.434028 0.018750 0.026389
0 0.413281 0.450000 0.021875 0.027778
0 0.406250 0.411111 0.015625 0.019444
0 0.425391 0.387500 0.011719 0.016667
0 0.435937 0.409722 0.014063 0.022222
0 0.464453 0.415972 0.016406 0.023611
0 0.455078 0.379861 0.011719 0.018056
0 0.477734 0.377083 0.010156 0.015278
1 0.531641 0.375694 0.013281 0.037500
0 0.554688 0.391667 0.010937 0.019444
0 0.561328 0.415972 0.014844 0.023611
0 0.577734 0.398611 0.013281 0.019444
1 0.603125 0.406944 0.039062 0.083333
0 0.553125 0.476389 0.021875 0.033333
0 0.667188 0.608333 0.056250 0.083333
