1 0.087109 0.915972 0.172656 0.168056
0 0.203516 0.652083 0.072656 0.079167
0 0.317969 0.622917 0.057813 0.076389
0 0.281641 0.540972 0.041406 0.054167
0 0.416406 0.577778 0.042188 0.061111
0 0.376172 0.502778 0.036719 0.044444
1 0.358984 0.463889 0.028906 0.038889
0 0.419922 0.439583 0.016406 0.029167
0 0.395313 0.425000 0.020313 0.022222
0 0.410938 0.406250 0.015625 0.020833
0 0.429297 0.383333 0.010156 0.016667
0 0.438281 0.402083 0.014063 0.020833
0 0.467578 0.409722 0.014844 0.019444
1 0.534766 0.384722 0.016406 0.041667
1 0.616797 0.419444 0.046094 0.094444
0 0.558984 0.400694 0.013281 0.020833
0 0.564844 0.378472 0.010937 0.015278
0 0.584766 0.409028 0.013281 0.020833
0 0.571094 0.431250 0.020313 0.026389
0 0.568750 0.522917 0.031250 0.051389
0 0.758984 0.768056 0.096094 0.144444
