1 0.184766 0.790278 0.125781 0.169444
0 0.302734 0.936111 0.102344 0.127778
0 0.244922 0.602778 0.058594 0.063889
0 0.339844 0.581250 0.050000 0.065278
0 0.301172 0.517361 0.036719 0.045833
0 0.428125 0.537500 0.032813 0.047222
0 0.387891 0.484722 0.035156 0.041667
0 0.371094 0.451389 0.026562 0.033333
0 0.402344 0.419444 0.017188 0.025000
0 0.416016 0.400694 0.014844 0.018056
0 0.426563 0.427778 0.018750 0.022222
0 0.432422 0.381250 0.010156 0.015278
0 0.442578 0.397222 0.013281 0.022222
0 0.469141 0.403472 0.016406 0.020833
0 0.460156 0.372917 0.010937 0.015278
0 0.480859 0.372917 0.010156 0.015278
0 0.524219 0.377778 0.009375 0.016667
1 0.538672 0.397222 0.017969 0.050000
0 0.569922 0.382639 0.011719 0.018056
0 0.564453 0.415278 0.014844 0.022222
0 0.594531 0.422222 0.015625 0.022222
0 0.583203 0.454167 0.022656 0.030556
1 0.635938 0.439583 0.057813 0.115278
0 0.601172 0.628472 0.052344 0.090278
