1 0.244531 0.702778 0.090625 0.144444
0 0.355078 0.774306 0.074219 0.118056
0 0.271484 0.570833 0.050781 0.052778
0 0.359375 0.548611 0.042188 0.052778
0 0.318750 0.500694 0.032813 0.043056
0 0.397266 0.470833 0.030469 0.038889
0 0.378906 0.442361 0.023438 0.031944
0 0.437109 0.508333 0.030469 0.041667
0 0.407031 0.413194 0.014063 0.020833
0 0.432812 0.420139 0.017188 0.023611
0 0.420312 0.396528 0.015625 0.018056
0 0.435937 0.378472 0.009375 0.015278
0 0.444922 0.393056 0.011719 0.019444
0 0.471484 0.398611 0.016406 0.019444
1 0.543750 0.416667 0.020313 0.061111
0 0.526563 0.386111 0.010937 0.019444
0 0.573047 0.432639 0.017969 0.029167
0 0.606641 0.436806 0.019531 0.026389
0 0.575000 0.390278 0.010937 0.016667
0 0.602734 0.490278 0.030469 0.036111
1 0.658203 0.465278 0.072656 0.141667
0 0.684766 0.882639 0.105469 0.198611
