0 0.075391 0.815278 0.124219 0.133333
1 0.286719 0.629861 0.068750 0.109722
0 0.296094 0.540972 0.043750 0.051389
0 0.387891 0.661111 0.053906 0.083333
0 0.372266 0.523611 0.036719 0.044444
0 0.335156 0.486111 0.031250 0.036111
0 0.404687 0.458333 0.028125 0.033333
0 0.388281 0.434028 0.021875 0.031944
0 0.443359 0.481944 0.025781 0.036111
0 0.412891 0.405556 0.016406 0.019444
0 0.424609 0.392361 0.014844 0.023611
0 0.437500 0.413194 0.017188 0.020833
0 0.448437 0.388889 0.012500 0.019444
0 0.473828 0.393056 0.013281 0.019444
0 0.529297 0.397917 0.014844 0.020833
0 0.581641 0.397917 0.014844 0.020833
1 0.551562 0.437500 0.028125 0.072222
0 0.585938 0.456944 0.023438 0.033333
0 0.622266 0.455556 0.024219 0.030556
0 0.637109 0.551389 0.044531 0.055556
1 0.697656 0.504861 0.100000 0.184722
