0 0.159375 0.710417 0.089063 0.093056
1 0.314844 0.586111 0.057813 0.088889
0 0.299219 0.939583 0.109375 0.120833
0 0.313672 0.521528 0.038281 0.043056
0 0.407422 0.598611 0.044531 0.066667
0 0.384766 0.502778 0.032031 0.038889
0 0.347656 0.471528 0.025000 0.031944
0 0.411328 0.447222 0.024219 0.027778
0 0.394141 0.426389 0.019531 0.030556
0 0.448047 0.463194 0.022656 0.029167
0 0.417578 0.402083 0.011719 0.020833
0 0.440625 0.404861 0.014063 0.020833
0 0.450781 0.384722 0.012500 0.016667
0 0.475781 0.390972 0.014063 0.018056
0 0.441406 0.372917 0.009375 0.015278
0 0.466016 0.365278 0.008594 0.013889
0 0.483984 0.366667 0.008594 0.013889
0 0.523828 0.381944 0.010156 0.016667
0 0.533203 0.409722 0.016406 0.022222
1 0.564063 0.473611 0.035937 0.102778
0 0.589844 0.411111 0.014063 0.022222
0 0.605078 0.490972 0.027344 0.045833
0 0.642188 0.481250 0.028125 0.040278
1 0.776563 0.560417 0.106250 0.245833
0 0.697656 0.656250 0.065625 0.084722
