0 0.148828 0.924306 0.133594 0.151389
0 0.218359 0.638194 0.067969 0.076389
0 0.352344 0.780556 0.079687 0.122222
1 0.337891 0.552778 0.049219 0.077778
0 0.328906 0.501389 0.032813 0.041667
0 0.358594 0.461111 0.023438 0.033333
0 0.394531 0.485417 0.028125 0.034722
0 0.421875 0.552778 0.035937 0.055556
0 0.415234 0.436111 0.021094 0.027778
0 0.400781 0.416667 0.018750 0.027778
0 0.452734 0.449306 0.021094 0.026389
0 0.444141 0.402778 0.014844 0.019444
0 0.478125 0.387500 0.014063 0.019444
0 0.431250 0.386111 0.010937 0.016667
0 0.453125 0.379861 0.012500 0.018056
0 0.526563 0.393056 0.012500 0.019444
0 0.537500 0.429861 0.018750 0.026389
0 0.566406 0.380556 0.014063 0.016667
0 0.600391 0.423611 0.016406 0.022222
1 0.591797 0.542361 0.055469 0.148611
0 0.638672 0.545833 0.038281 0.058333
0 0.673828 0.520833 0.035156 0.050000
1 0.864453 0.684028 0.258594 0.434722
0 0.874219 0.925000 0.157812 0.150000
