0 0.218359 0.793750 0.099219 0.112500
0 0.258984 0.591667 0.053906 0.061111
0 0.382812 0.680556 0.059375 0.091667
1 0.354687 0.527778 0.043750 0.066667
0 0.430469 0.518056 0.029687 0.044444
0 0.401953 0.470833 0.025781 0.033333
0 0.367969 0.449306 0.021875 0.026389
0 0.421875 0.429861 0.020313 0.029167
0 0.456250 0.436111 0.018750 0.027778
0 0.545703 0.454861 0.024219 0.031944
0 0.530078 0.402083 0.014844 0.020833
0 0.570703 0.388194 0.013281 0.018056
0 0.613281 0.442361 0.020313 0.029167
0 0.717187 0.572917 0.043750 0.062500
1 0.645703 0.672222 0.091406 0.250000
0 0.701172 0.643056 0.039844 0.091667
1 0.919531 0.738889 0.160938 0.372222
