0 0.060547 0.813194 0.117969 0.123611
0 0.269141 0.702083 0.074219 0.090278
0 0.289844 0.556250 0.045312 0.054167
0 0.401172 0.609722 0.047656 0.066667
1 0.369141 0.502083 0.038281 0.059722
0 0.353125 0.474306 0.021875 0.029167
0 0.375781 0.441667 0.020313 0.027778
0 0.407422 0.459722 0.027344 0.030556
0 0.437109 0.490972 0.027344 0.040278
0 0.411328 0.407639 0.014844 0.023611
0 0.425000 0.422222 0.017188 0.019444
0 0.458984 0.425000 0.016406 0.022222
0 0.449609 0.390972 0.013281 0.018056
0 0.479687 0.380556 0.010937 0.013889
0 0.526172 0.379861 0.011719 0.018056
0 0.534375 0.419444 0.015625 0.022222
0 0.550391 0.393750 0.010156 0.015278
0 0.577344 0.394444 0.012500 0.016667
0 0.557813 0.497917 0.028125 0.045833
0 0.632031 0.463194 0.025000 0.034722
0 0.798438 0.672222 0.079687 0.113889
