0 0.160156 0.711111 0.098437 0.100000
0 0.314453 0.622222 0.060156 0.080556
0 0.280859 0.563889 0.050781 0.063889
0 0.334375 0.518750 0.032813 0.048611
0 0.419531 0.563194 0.043750 0.056944
0 0.378906 0.440278 0.023438 0.030556
0 0.405469 0.451389 0.023438 0.036111
0 0.425391 0.472917 0.028906 0.040278
0 0.412109 0.408333 0.016406 0.025000
0 0.437891 0.409722 0.016406 0.022222
0 0.448437 0.391667 0.014063 0.025000
0 0.468359 0.408333 0.014844 0.022222
0 0.456250 0.448611 0.021875 0.036111
0 0.531641 0.399306 0.014844 0.023611
0 0.568359 0.423611 0.019531 0.033333
0 0.600781 0.424306 0.020313 0.031944
0 0.559766 0.475694 0.025781 0.040278
0 0.611719 0.509028 0.032813 0.051389
0 0.593359 0.573611 0.047656 0.080556
1 0.661328 0.492361 0.039844 0.065278
0 0.751172 0.611806 0.058594 0.084722
0 0.800000 0.847222 0.115625 0.163889
0 0.955469 0.886806 0.089063 0.190278
