0 0.147266 0.705556 0.089844 0.094444
0 0.300391 0.642361 0.060156 0.070833
0 0.311328 0.529861 0.041406 0.045833
0 0.413281 0.564583 0.039062 0.056944
0 0.382031 0.484028 0.034375 0.048611
0 0.362500 0.462500 0.020313 0.030556
0 0.382812 0.432639 0.020313 0.026389
0 0.414453 0.447917 0.021094 0.026389
0 0.443750 0.472917 0.025000 0.031944
0 0.428125 0.413889 0.017188 0.022222
0 0.459375 0.415278 0.015625 0.019444
0 0.528516 0.390278 0.013281 0.022222
0 0.540234 0.440972 0.017969 0.026389
0 0.555469 0.404861 0.012500 0.018056
0 0.583594 0.404861 0.015625 0.020833
0 0.580469 0.566667 0.042188 0.063889
0 0.655078 0.493750 0.030469 0.040278
0 0.941797 0.873611 0.116406 0.191667
0 0.306250 0.920833 0.115625 0.158333
