1 0.131641 0.868056 0.189844 0.263889
0 0.210156 0.631250 0.062500 0.070833
0 0.327344 0.597222 0.051562 0.061111
0 0.330078 0.506250 0.033594 0.043056
0 0.358203 0.770833 0.078906 0.116667
0 0.422656 0.529861 0.032813 0.051389
1 0.390625 0.470139 0.031250 0.051389
0 0.373828 0.453472 0.021094 0.029167
0 0.420703 0.438889 0.019531 0.033333
0 0.389062 0.427083 0.018750 0.023611
0 0.420703 0.397222 0.014844 0.025000
0 0.432812 0.408333 0.015625 0.019444
0 0.447656 0.455556 0.021875 0.030556
0 0.463281 0.406944 0.015625 0.019444
0 0.532031 0.401389 0.015625 0.022222
0 0.545312 0.379861 0.010937 0.018056
0 0.565234 0.382639 0.011719 0.018056
0 0.562500 0.421528 0.017188 0.023611
0 0.550391 0.476389 0.024219 0.038889
0 0.594531 0.418750 0.018750 0.029167
0 0.695703 0.544444 0.041406 0.055556
0 0.631641 0.728472 0.075781 0.134722
