1 0.216016 0.751389 0.136719 0.216667
0 0.250391 0.586111 0.052344 0.061111
0 0.345313 0.563194 0.043750 0.051389
0 0.385156 0.676389 0.060937 0.086111
0 0.342578 0.488889 0.035156 0.041667
1 0.400391 0.459722 0.028906 0.047222
0 0.380078 0.443750 0.017969 0.026389
0 0.395703 0.422222 0.017969 0.025000
0 0.428906 0.502778 0.031250 0.038889
0 0.424609 0.430556 0.019531 0.025000
0 0.451953 0.444444 0.021094 0.025000
0 0.536328 0.418056 0.019531 0.025000
0 0.575781 0.441667 0.018750 0.025000
0 0.547656 0.388889 0.014063 0.019444
0 0.569531 0.388889 0.014063 0.019444
0 0.605469 0.431250 0.020313 0.029167
0 0.434766 0.403472 0.014844 0.020833
0 0.464453 0.402083 0.016406 0.018056
0 0.565234 0.528472 0.032031 0.051389
0 0.758594 0.618750 0.059375 0.079167
