0 0.122266 0.756250 0.105469 0.109722
1 0.272266 0.659722 0.097656 0.163889
0 0.362500 0.534722 0.037500 0.047222
0 0.404297 0.612500 0.050781 0.066667
0 0.357422 0.472917 0.030469 0.034722
0 0.282813 0.550000 0.045312 0.052778
1 0.406641 0.447222 0.025781 0.041667
0 0.436328 0.481250 0.027344 0.037500
0 0.455859 0.431250 0.017969 0.020833
0 0.387109 0.436111 0.016406 0.027778
0 0.430469 0.422222 0.017188 0.025000
0 0.542969 0.441667 0.021875 0.030556
0 0.553906 0.398611 0.014063 0.019444
0 0.574219 0.396528 0.015625 0.020833
0 0.593750 0.470833 0.023438 0.033333
0 0.621875 0.452778 0.025000 0.036111
0 0.597656 0.632639 0.050000 0.084722
0 0.895312 0.787500 0.106250 0.150000
