0 0.160156 0.884028 0.120313 0.154167
0 0.200781 0.656250 0.076563 0.081944
0 0.365625 0.772917 0.075000 0.112500
1 0.307031 0.607639 0.078125 0.131944
0 0.305469 0.521528 0.039062 0.040278
0 0.373828 0.514583 0.033594 0.043056
0 0.418359 0.568056 0.042969 0.055556
0 0.367578 0.460417 0.024219 0.031944
1 0.414062 0.436806 0.023438 0.037500
0 0.392578 0.429861 0.014844 0.026389
0 0.441797 0.465278 0.022656 0.033333
0 0.459766 0.423611 0.016406 0.022222
0 0.435937 0.416667 0.017188 0.022222
0 0.532031 0.410417 0.015625 0.023611
0 0.560547 0.410417 0.014844 0.023611
0 0.581641 0.406944 0.014844 0.022222
0 0.552734 0.475000 0.028906 0.041667
0 0.619141 0.513889 0.028906 0.047222
0 0.643359 0.476389 0.030469 0.041667
0 0.677344 0.891667 0.100000 0.197222
