0 0.237500 0.749306 0.084375 0.112500
0 0.255469 0.595833 0.059375 0.069444
1 0.333984 0.563889 0.064844 0.105556
0 0.323047 0.495833 0.032031 0.030556
0 0.385547 0.497222 0.028906 0.044444
0 0.392969 0.672917 0.057813 0.090278
0 0.428516 0.533333 0.035156 0.050000
0 0.376563 0.448611 0.023438 0.027778
1 0.419141 0.426389 0.022656 0.036111
0 0.398047 0.424306 0.014844 0.026389
0 0.446094 0.450000 0.023438 0.030556
0 0.538281 0.429167 0.017188 0.027778
0 0.572266 0.427083 0.017969 0.026389
0 0.590625 0.416667 0.017188 0.025000
0 0.569141 0.531250 0.033594 0.054167
0 0.676953 0.516667 0.038281 0.055556
0 0.668359 0.595833 0.046094 0.069444
