0 0.087109 0.959028 0.147656 0.081944
0 0.282813 0.669444 0.067187 0.088889
0 0.290625 0.554861 0.046875 0.056944
1 0.353906 0.534722 0.054688 0.097222
0 0.408984 0.612500 0.047656 0.072222
0 0.338281 0.484028 0.026562 0.037500
0 0.394531 0.479861 0.026562 0.034722
0 0.436328 0.509028 0.032031 0.043056
0 0.385937 0.440972 0.020313 0.029167
0 0.403516 0.416667 0.016406 0.022222
1 0.424219 0.420139 0.021875 0.037500
0 0.449609 0.437500 0.019531 0.022222
0 0.464453 0.409028 0.013281 0.020833
1 0.564844 0.370139 0.015625 0.040278
0 0.546484 0.457639 0.022656 0.031944
0 0.588281 0.450000 0.023438 0.033333
0 0.601172 0.430556 0.021094 0.025000
0 0.600391 0.636111 0.052344 0.091667
0 0.725781 0.573611 0.051562 0.075000
0 0.757812 0.750694 0.079687 0.118056
