0 0.193750 0.822222 0.104688 0.136111
1 0.315234 0.906944 0.135156 0.186111
0 0.315625 0.613194 0.053125 0.068056
0 0.316406 0.520833 0.039062 0.047222
1 0.369922 0.510417 0.047656 0.084722
0 0.423047 0.565278 0.038281 0.058333
0 0.401953 0.463194 0.022656 0.029167
0 0.443359 0.484722 0.028906 0.033333
0 0.391016 0.431250 0.021094 0.023611
1 0.430078 0.411806 0.017969 0.031944
0 0.454297 0.425694 0.016406 0.023611
0 0.407422 0.411111 0.014844 0.016667
1 0.569141 0.372917 0.017969 0.040278
0 0.552344 0.392361 0.012500 0.018056
0 0.562891 0.505556 0.030469 0.047222
0 0.612891 0.481944 0.032031 0.044444
0 0.822266 0.684722 0.088281 0.116667
0 0.697266 0.917361 0.117969 0.165278
