0 0.253125 0.717361 0.078125 0.101389
1 0.363281 0.765278 0.090625 0.158333
0 0.337891 0.575000 0.044531 0.058333
0 0.336328 0.497222 0.033594 0.041667
1 0.382422 0.490972 0.044531 0.073611
0 0.431641 0.533333 0.033594 0.050000
0 0.409766 0.452083 0.021094 0.026389
0 0.362500 0.456944 0.021875 0.030556
0 0.398047 0.425000 0.019531 0.022222
0 0.446484 0.470833 0.028906 0.033333
1 0.434375 0.406944 0.017188 0.030556
0 0.457422 0.419444 0.014844 0.022222
0 0.412500 0.407639 0.014063 0.018056
0 0.469531 0.397222 0.012500 0.016667
0 0.558203 0.404861 0.014844 0.020833
1 0.572656 0.377083 0.018750 0.043056
0 0.635938 0.477083 0.029687 0.040278
0 0.651563 0.531944 0.040625 0.052778
0 0.589063 0.584028 0.042188 0.065278
