0 0.295312 0.643750 0.059375 0.079167
1 0.395313 0.666667 0.067187 0.127778
0 0.356641 0.543056 0.038281 0.050000
0 0.352344 0.478472 0.028125 0.037500
1 0.393750 0.471528 0.037500 0.065278
0 0.370703 0.445139 0.016406 0.026389
0 0.416797 0.441667 0.019531 0.025000
0 0.439063 0.505556 0.028125 0.038889
0 0.451172 0.456944 0.024219 0.030556
0 0.402344 0.417361 0.015625 0.023611
0 0.438672 0.400694 0.016406 0.023611
0 0.460938 0.411111 0.014063 0.019444
0 0.416406 0.404861 0.012500 0.018056
1 0.577344 0.384722 0.020313 0.047222
0 0.567578 0.421528 0.017969 0.026389
0 0.667188 0.515278 0.039062 0.050000
0 0.726172 0.625694 0.060156 0.084722
0 0.657031 0.795833 0.082812 0.144444
