0 0.142578 0.915278 0.141406 0.169444
0 0.328125 0.920833 0.112500 0.158333
0 0.208984 0.650694 0.078906 0.084722
0 0.339844 0.578472 0.053125 0.070833
0 0.305078 0.536806 0.042969 0.054167
0 0.345703 0.499306 0.028906 0.045833
0 0.429688 0.529167 0.037500 0.055556
0 0.387500 0.434028 0.021875 0.029167
0 0.412109 0.443750 0.025781 0.034722
0 0.439063 0.457639 0.026562 0.034722
0 0.459766 0.436806 0.022656 0.026389
0 0.416406 0.402778 0.015625 0.025000
0 0.440625 0.404861 0.017188 0.023611
0 0.470313 0.400000 0.015625 0.025000
0 0.535547 0.411111 0.017969 0.027778
0 0.556250 0.398611 0.012500 0.022222
0 0.579297 0.442361 0.021094 0.034722
0 0.613672 0.440278 0.024219 0.033333
0 0.571875 0.521528 0.031250 0.051389
0 0.643359 0.568056 0.046094 0.066667
1 0.693359 0.527778 0.050781 0.086111
0 0.639062 0.702778 0.073438 0.141667
0 0.838281 0.713889 0.087500 0.125000
