0 0.182812 0.835417 0.107813 0.137500
0 0.318750 0.950000 0.112500 0.100000
0 0.323047 0.596528 0.049219 0.065278
1 0.413672 0.605556 0.053906 0.097222
0 0.371094 0.520139 0.034375 0.045833
0 0.364844 0.463194 0.026562 0.034722
0 0.401172 0.461111 0.035156 0.058333
0 0.443750 0.486806 0.025000 0.037500
0 0.454688 0.443056 0.020313 0.027778
0 0.378906 0.437500 0.015625 0.025000
0 0.421484 0.433333 0.016406 0.022222
0 0.408594 0.412500 0.017188 0.022222
0 0.442969 0.395833 0.014063 0.025000
0 0.463281 0.404167 0.012500 0.019444
0 0.419922 0.399306 0.013281 0.018056
1 0.583594 0.389583 0.021875 0.048611
0 0.567187 0.382639 0.010937 0.018056
0 0.576953 0.440972 0.021094 0.029167
0 0.711328 0.570139 0.052344 0.070833
0 0.876563 0.816667 0.118750 0.163889
