0 0.121484 0.737500 0.094531 0.100000
0 0.255859 0.713889 0.072656 0.102778
0 0.366406 0.804167 0.082812 0.127778
0 0.344922 0.560417 0.042969 0.056944
1 0.426563 0.556944 0.043750 0.083333
0 0.383203 0.502083 0.032031 0.045833
1 0.410547 0.450000 0.030469 0.058333
0 0.375391 0.451389 0.022656 0.030556
0 0.388281 0.427778 0.015625 0.022222
0 0.449219 0.469444 0.023438 0.030556
0 0.426172 0.425000 0.017969 0.022222
0 0.458984 0.431944 0.019531 0.025000
0 0.412109 0.406944 0.013281 0.016667
0 0.446094 0.392361 0.014063 0.020833
0 0.465234 0.398611 0.013281 0.019444
1 0.590234 0.396528 0.025781 0.051389
0 0.594531 0.471528 0.026562 0.037500
0 0.796094 0.673611 0.079687 0.100000
