0 0.190625 0.657639 0.070312 0.081944
0 0.297266 0.640972 0.057031 0.079167
0 0.393750 0.696528 0.062500 0.093056
0 0.360938 0.533333 0.037500 0.050000
1 0.433594 0.525000 0.037500 0.069444
0 0.392969 0.485417 0.029687 0.037500
0 0.384766 0.439583 0.021094 0.029167
1 0.416016 0.438889 0.027344 0.050000
0 0.452344 0.457639 0.020313 0.031944
0 0.468359 0.393056 0.014844 0.019444
0 0.460156 0.423611 0.017188 0.022222
0 0.449219 0.388194 0.012500 0.023611
1 0.598437 0.404167 0.026562 0.058333
0 0.618750 0.518750 0.032813 0.051389
0 0.942187 0.881944 0.115625 0.200000
