0 0.110547 0.875694 0.219531 0.248611
0 0.241797 0.598611 0.055469 0.063889
0 0.328906 0.587500 0.048438 0.063889
0 0.413281 0.622917 0.050000 0.076389
0 0.375000 0.509722 0.032813 0.044444
0 0.400781 0.469444 0.025000 0.033333
1 0.442188 0.499306 0.031250 0.056944
1 0.421484 0.429167 0.024219 0.047222
0 0.392578 0.431250 0.019531 0.026389
0 0.455859 0.444444 0.019531 0.025000
0 0.463281 0.414583 0.015625 0.020833
0 0.452344 0.382639 0.012500 0.020833
0 0.470703 0.387500 0.010156 0.016667
0 0.583594 0.403472 0.014063 0.023611
1 0.610156 0.418750 0.031250 0.068056
0 0.667969 0.603472 0.054688 0.076389
