1 0.206250 0.763194 0.150000 0.231944
0 0.276953 0.559028 0.046094 0.056944
0 0.350000 0.554167 0.040625 0.055556
0 0.426172 0.576389 0.041406 0.063889
0 0.385937 0.493750 0.031250 0.034722
0 0.448047 0.480556 0.028906 0.052778
0 0.407422 0.459722 0.022656 0.030556
1 0.426953 0.422222 0.024219 0.041667
0 0.398828 0.422222 0.016406 0.022222
0 0.458594 0.435417 0.015625 0.023611
0 0.465234 0.407639 0.013281 0.018056
0 0.590234 0.411806 0.016406 0.023611
1 0.622266 0.431944 0.036719 0.077778
0 0.772266 0.785417 0.103906 0.151389
0 0.039844 0.875000 0.075000 0.150000
