0 0.114062 0.740278 0.115625 0.105556
0 0.268359 0.661806 0.105469 0.168056
0 0.304297 0.525694 0.038281 0.043056
0 0.366797 0.525000 0.036719 0.050000
0 0.435156 0.534028 0.034375 0.051389
0 0.396094 0.478472 0.026562 0.034722
0 0.413672 0.448611 0.021094 0.027778
1 0.451953 0.463194 0.025781 0.048611
1 0.431641 0.413889 0.021094 0.041667
0 0.405469 0.417361 0.017188 0.020833
0 0.461719 0.428472 0.017188 0.023611
0 0.468359 0.402083 0.014844 0.018056
0 0.457031 0.377083 0.010937 0.018056
0 0.600391 0.424306 0.017969 0.026389
1 0.639453 0.450694 0.044531 0.084722
