0 0.110547 0.946528 0.157031 0.106944
0 0.186719 0.660417 0.084375 0.081944
1 0.307031 0.605556 0.081250 0.138889
0 0.325781 0.502083 0.032813 0.040278
0 0.378516 0.502778 0.028906 0.041667
0 0.441406 0.509028 0.031250 0.043056
0 0.403906 0.468056 0.025000 0.033333
0 0.418359 0.441667 0.021094 0.027778
0 0.454688 0.450000 0.021875 0.036111
1 0.434766 0.408333 0.019531 0.038889
0 0.410547 0.409722 0.013281 0.019444
1 0.464453 0.418750 0.016406 0.020833
0 0.470313 0.396528 0.014063 0.018056
0 0.459375 0.374306 0.010937 0.020833
0 0.476172 0.377083 0.010156 0.012500
0 0.611328 0.438194 0.021094 0.031944
1 0.662500 0.473611 0.053125 0.105556
