0 0.218359 0.802083 0.107031 0.137500
0 0.238672 0.602083 0.064844 0.068056
1 0.335547 0.559722 0.066406 0.113889
0 0.344531 0.481944 0.029687 0.033333
0 0.391016 0.483333 0.027344 0.036111
0 0.409766 0.456944 0.022656 0.030556
0 0.446875 0.483333 0.028125 0.033333
0 0.423438 0.431250 0.018750 0.023611
1 0.458594 0.438889 0.023438 0.038889
1 0.439453 0.401389 0.019531 0.036111
0 0.414453 0.404167 0.013281 0.016667
0 0.466797 0.411806 0.013281 0.018056
0 0.471875 0.390278 0.010937 0.019444
0 0.460547 0.371528 0.010156 0.018056
0 0.626172 0.457639 0.024219 0.037500
1 0.696875 0.510417 0.071875 0.129167
