1 0.083203 0.890972 0.164844 0.218056
1 0.335156 0.848611 0.107813 0.211111
0 0.276172 0.696528 0.078906 0.101389
0 0.275000 0.563889 0.054688 0.058333
1 0.355469 0.525694 0.056250 0.098611
0 0.357812 0.464583 0.026562 0.026389
0 0.399609 0.470139 0.021094 0.031944
0 0.415625 0.447917 0.020313 0.026389
0 0.451562 0.467361 0.023438 0.031944
0 0.428516 0.423611 0.016406 0.022222
0 0.460938 0.426389 0.018750 0.027778
1 0.442188 0.395139 0.017188 0.031944
0 0.418359 0.401389 0.014844 0.016667
0 0.468359 0.406250 0.013281 0.020833
0 0.645312 0.479167 0.029687 0.041667
1 0.746875 0.562500 0.096875 0.172222
