1 0.375781 0.715278 0.079687 0.147222
0 0.316797 0.621528 0.060156 0.076389
0 0.303906 0.529861 0.043750 0.048611
1 0.373047 0.501389 0.047656 0.080556
0 0.370312 0.452083 0.021875 0.026389
0 0.407031 0.457639 0.023438 0.029167
0 0.454688 0.454167 0.021875 0.030556
0 0.420312 0.439583 0.017188 0.023611
0 0.433203 0.415278 0.014844 0.019444
1 0.464062 0.420139 0.017188 0.029167
1 0.446875 0.392361 0.017188 0.029167
0 0.423047 0.395139 0.011719 0.015278
0 0.672266 0.513889 0.038281 0.052778
1 0.838281 0.656944 0.153125 0.255556
1 0.127734 0.829167 0.253906 0.341667
