0 0.223047 0.775000 0.103906 0.119444
0 0.379688 0.744444 0.075000 0.119444
0 0.251172 0.602778 0.063281 0.072222
0 0.326172 0.514583 0.038281 0.048611
0 0.358203 0.477778 0.027344 0.038889
0 0.362891 0.541667 0.041406 0.058333
0 0.436328 0.500000 0.033594 0.047222
0 0.394141 0.427778 0.021094 0.027778
0 0.419141 0.432639 0.024219 0.034722
0 0.448437 0.445139 0.025000 0.034722
0 0.463281 0.425694 0.020313 0.026389
0 0.420703 0.397917 0.014844 0.020833
0 0.444531 0.399306 0.012500 0.018056
0 0.472266 0.393750 0.013281 0.020833
0 0.553516 0.397222 0.013281 0.019444
1 0.569531 0.372917 0.023438 0.048611
0 0.541406 0.431250 0.020313 0.037500
0 0.562891 0.411111 0.014844 0.025000
0 0.593750 0.468056 0.026562 0.044444
0 0.629687 0.459028 0.026562 0.037500
0 0.600000 0.605556 0.045312 0.072222
0 0.709375 0.684722 0.071875 0.100000
1 0.750391 0.593056 0.069531 0.108333
0 0.973047 0.907639 0.053906 0.156944
