1 0.215625 0.731944 0.175000 0.294444
1 0.309766 0.917361 0.111719 0.165278
1 0.397656 0.640972 0.064062 0.118056
1 0.931250 0.796528 0.137500 0.362500
0 0.342578 0.579861 0.049219 0.065278
0 0.325000 0.506250 0.037500 0.043056
1 0.385156 0.484028 0.040625 0.070833
0 0.379688 0.440972 0.020313 0.023611
0 0.412891 0.447917 0.019531 0.026389
0 0.425000 0.431944 0.017188 0.025000
0 0.456250 0.441667 0.020313 0.025000
0 0.436719 0.408333 0.014063 0.019444
0 0.465234 0.411111 0.016406 0.025000
1 0.449609 0.387500 0.014844 0.030556
0 0.708594 0.557639 0.048438 0.068056
