1 0.277344 0.645833 0.123438 0.213889
0 0.056641 0.825694 0.111719 0.148611
0 0.223438 0.939583 0.145313 0.120833
1 0.360547 0.762500 0.075781 0.127778
0 0.364453 0.543056 0.041406 0.061111
1 0.413672 0.583333 0.050781 0.091667
0 0.342187 0.484722 0.032813 0.036111
1 0.396875 0.465278 0.039062 0.063889
0 0.389062 0.430556 0.017188 0.022222
0 0.419922 0.438889 0.019531 0.025000
0 0.458984 0.431944 0.016406 0.025000
0 0.428516 0.425000 0.014844 0.019444
0 0.441406 0.404167 0.012500 0.019444
1 0.452344 0.383333 0.015625 0.027778
0 0.468359 0.408333 0.016406 0.025000
0 0.430078 0.390278 0.011719 0.013889
0 0.532031 0.381944 0.009375 0.016667
0 0.771875 0.634028 0.068750 0.098611
