0 0.145703 0.710417 0.092969 0.109722
0 0.302734 0.813889 0.102344 0.136111
1 0.387891 0.668750 0.058594 0.095833
1 0.310156 0.590972 0.092188 0.170833
0 0.271094 0.555556 0.034375 0.050000
0 0.378125 0.516667 0.034375 0.047222
1 0.425391 0.545139 0.042969 0.076389
0 0.356641 0.469444 0.028906 0.033333
1 0.403906 0.453472 0.034375 0.056944
0 0.394922 0.422917 0.016406 0.023611
0 0.425000 0.429861 0.015625 0.023611
0 0.432422 0.419444 0.014844 0.019444
0 0.461328 0.422917 0.016406 0.023611
0 0.469531 0.400000 0.014063 0.019444
0 0.443359 0.399306 0.011719 0.015278
0 0.431641 0.384028 0.011719 0.018056
0 0.537500 0.390972 0.012500 0.018056
0 0.878125 0.758333 0.110937 0.152778
