0 0.056641 0.831944 0.111719 0.136111
0 0.315234 0.903472 0.092969 0.151389
0 0.254297 0.586111 0.055469 0.072222
0 0.380078 0.635417 0.060156 0.084722
1 0.419141 0.565972 0.038281 0.065278
1 0.357812 0.516667 0.062500 0.116667
0 0.319922 0.505556 0.027344 0.038889
0 0.378906 0.445139 0.023438 0.026389
0 0.400391 0.477778 0.027344 0.041667
1 0.441797 0.494444 0.032031 0.058333
1 0.416406 0.433333 0.028125 0.052778
0 0.464844 0.410417 0.014063 0.018056
0 0.555469 0.420139 0.017188 0.023611
0 0.578516 0.400000 0.013281 0.016667
0 0.528516 0.386806 0.011719 0.015278
