0 0.152344 0.706944 0.093750 0.097222
0 0.357031 0.745833 0.064062 0.100000
0 0.400391 0.586111 0.047656 0.072222
0 0.287500 0.547222 0.045312 0.058333
1 0.373828 0.489583 0.053906 0.104167
0 0.338281 0.486111 0.023438 0.036111
1 0.429688 0.531250 0.032813 0.056944
1 0.446875 0.475000 0.026562 0.052778
0 0.410156 0.462500 0.023438 0.036111
0 0.387891 0.434722 0.019531 0.025000
1 0.422656 0.425694 0.026562 0.045833
0 0.467578 0.402778 0.014844 0.016667
0 0.532031 0.397222 0.014063 0.019444
0 0.570312 0.445833 0.020313 0.030556
0 0.589063 0.412500 0.015625 0.019444
