0 0.212500 0.633333 0.070312 0.072222
0 0.384375 0.661111 0.051562 0.077778
0 0.311719 0.520139 0.039062 0.054167
0 0.413281 0.552083 0.040625 0.059722
0 0.351953 0.469444 0.022656 0.030556
1 0.385937 0.472222 0.046875 0.088889
1 0.436719 0.506944 0.029687 0.047222
0 0.416406 0.450694 0.018750 0.031944
1 0.451562 0.459028 0.026562 0.043056
1 0.426953 0.419444 0.021094 0.047222
0 0.469531 0.398611 0.012500 0.016667
0 0.535547 0.410417 0.014844 0.023611
0 0.600391 0.427083 0.016406 0.026389
0 0.589063 0.479167 0.026562 0.038889
