0 0.066797 0.806944 0.132031 0.147222
0 0.302734 0.947917 0.111719 0.104167
0 0.259375 0.583333 0.054688 0.061111
0 0.403906 0.603472 0.040625 0.062500
0 0.331250 0.499306 0.032813 0.045833
0 0.424219 0.523611 0.034375 0.050000
0 0.366016 0.456944 0.022656 0.030556
1 0.396094 0.459722 0.040625 0.077778
1 0.444141 0.486806 0.027344 0.045833
0 0.454297 0.445139 0.021094 0.037500
0 0.423047 0.440278 0.017969 0.027778
1 0.431250 0.410417 0.021875 0.037500
0 0.469531 0.394444 0.012500 0.016667
0 0.541016 0.429861 0.019531 0.029167
0 0.617578 0.450000 0.019531 0.027778
0 0.622656 0.537500 0.035937 0.052778
