0 0.160547 0.692361 0.096094 0.109722
0 0.350781 0.811111 0.087500 0.136111
0 0.289844 0.546528 0.045312 0.048611
0 0.346875 0.482639 0.031250 0.045833
0 0.416406 0.562500 0.034375 0.055556
0 0.431250 0.501389 0.029687 0.044444
0 0.448828 0.469444 0.022656 0.041667
1 0.403906 0.448611 0.039062 0.072222
0 0.375781 0.446528 0.020313 0.029167
0 0.459766 0.435417 0.022656 0.031944
0 0.427734 0.431944 0.016406 0.025000
1 0.434766 0.406944 0.019531 0.036111
0 0.548438 0.454861 0.023438 0.031944
0 0.639453 0.479167 0.025781 0.038889
0 0.679297 0.638194 0.055469 0.084722
