0 0.227734 0.614583 0.071094 0.079167
0 0.385156 0.693750 0.064062 0.095833
0 0.315234 0.516667 0.038281 0.041667
0 0.426172 0.529861 0.030469 0.043056
0 0.358984 0.467361 0.027344 0.040278
1 0.410938 0.434028 0.034375 0.062500
0 0.383594 0.434722 0.017188 0.022222
0 0.452344 0.453472 0.018750 0.029167
0 0.461328 0.424306 0.016406 0.026389
1 0.437500 0.403472 0.020313 0.037500
0 0.564453 0.378472 0.010156 0.015278
0 0.563281 0.495833 0.029687 0.044444
0 0.676172 0.519444 0.032031 0.047222
0 0.848047 0.917361 0.132031 0.165278
