0 0.027734 0.906250 0.053906 0.123611
0 0.269922 0.695833 0.075781 0.105556
0 0.280469 0.567361 0.051562 0.056944
0 0.405469 0.650000 0.057813 0.086111
0 0.378516 0.513194 0.036719 0.051389
0 0.341406 0.495139 0.035937 0.043056
0 0.368359 0.463889 0.027344 0.038889
0 0.443359 0.480556 0.032031 0.038889
0 0.400781 0.420139 0.018750 0.026389
0 0.424609 0.425694 0.021094 0.029167
0 0.454297 0.434722 0.019531 0.027778
0 0.466016 0.417361 0.017969 0.023611
0 0.424609 0.394444 0.014844 0.019444
0 0.447656 0.395139 0.012500 0.018056
0 0.473438 0.389583 0.012500 0.018056
1 0.575391 0.377083 0.027344 0.054167
0 0.558594 0.408333 0.018750 0.027778
0 0.571484 0.425000 0.017969 0.030556
0 0.548438 0.450000 0.021875 0.033333
0 0.614844 0.503472 0.034375 0.054167
0 0.650000 0.486111 0.029687 0.047222
0 0.654687 0.779861 0.071875 0.137500
1 0.837109 0.693750 0.103906 0.165278
0 0.858984 0.922222 0.141406 0.155556
