0 0.108594 0.924306 0.160938 0.151389
1 0.353906 0.788194 0.098437 0.184722
0 0.301172 0.533333 0.044531 0.061111
0 0.349609 0.480556 0.028906 0.036111
0 0.421875 0.572917 0.040625 0.068056
0 0.378516 0.442361 0.024219 0.031944
1 0.423438 0.416667 0.026562 0.061111
0 0.398047 0.420139 0.016406 0.023611
0 0.439453 0.485417 0.022656 0.031944
0 0.449219 0.454167 0.025000 0.038889
0 0.575000 0.391667 0.012500 0.019444
0 0.634766 0.712500 0.069531 0.116667
0 0.846484 0.724306 0.083594 0.112500
0 0.460547 0.433333 0.016406 0.022222
