0 0.093359 0.768750 0.111719 0.115278
0 0.262109 0.685417 0.078906 0.093056
1 0.404687 0.612500 0.059375 0.100000
0 0.343750 0.486111 0.032813 0.044444
0 0.372266 0.454167 0.022656 0.030556
0 0.439844 0.508333 0.028125 0.041667
0 0.393359 0.424306 0.019531 0.026389
1 0.430859 0.406944 0.022656 0.055556
0 0.449219 0.457639 0.018750 0.026389
0 0.455859 0.432639 0.017969 0.026389
0 0.409375 0.409028 0.014063 0.020833
0 0.464062 0.416667 0.014063 0.022222
0 0.555469 0.395833 0.012500 0.019444
0 0.592578 0.413194 0.014844 0.023611
