0 0.266406 0.927083 0.125000 0.145833
0 0.398438 0.609722 0.050000 0.066667
0 0.306250 0.525694 0.040625 0.043056
0 0.371875 0.520833 0.037500 0.047222
0 0.440234 0.486806 0.032031 0.054167
0 0.387891 0.433333 0.021094 0.030556
0 0.458203 0.444444 0.017969 0.027778
0 0.400391 0.419444 0.014844 0.019444
0 0.414453 0.402778 0.014844 0.022222
0 0.424219 0.388889 0.010937 0.016667
0 0.461328 0.418056 0.011719 0.016667
0 0.467969 0.404861 0.014063 0.020833
1 0.443750 0.392361 0.021875 0.045833
1 0.551562 0.372917 0.018750 0.045833
0 0.526563 0.395139 0.012500 0.020833
0 0.556250 0.415972 0.018750 0.023611
0 0.608984 0.486806 0.027344 0.043056
0 0.684766 0.523611 0.038281 0.052778
