0 0.062500 0.816667 0.121875 0.136111
0 0.317969 0.800694 0.089063 0.129167
0 0.412500 0.568056 0.042188 0.061111
0 0.384375 0.499306 0.034375 0.043056
0 0.326562 0.504167 0.035937 0.041667
1 0.445312 0.470833 0.029687 0.044444
0 0.394922 0.427083 0.019531 0.029167
0 0.405078 0.411806 0.014844 0.020833
0 0.418750 0.398611 0.014063 0.025000
0 0.428906 0.386806 0.009375 0.015278
1 0.444531 0.388194 0.018750 0.040278
0 0.460938 0.433333 0.018750 0.027778
0 0.462109 0.412500 0.013281 0.019444
0 0.530469 0.406250 0.014063 0.020833
1 0.553516 0.381250 0.022656 0.051389
0 0.568750 0.432639 0.020313 0.029167
0 0.641797 0.540972 0.039844 0.054167
0 0.743750 0.592361 0.054688 0.073611
