0 0.123438 0.936111 0.140625 0.127778
0 0.153516 0.699306 0.088281 0.095833
0 0.353516 0.697917 0.066406 0.093056
0 0.422266 0.534722 0.035156 0.047222
0 0.396094 0.480556 0.029687 0.036111
0 0.346094 0.481250 0.031250 0.037500
1 0.450391 0.457639 0.025781 0.040278
0 0.401172 0.420833 0.017969 0.027778
0 0.462109 0.427778 0.014844 0.022222
0 0.465625 0.409722 0.014063 0.019444
0 0.471094 0.396528 0.012500 0.020833
0 0.410156 0.408333 0.015625 0.019444
0 0.422266 0.395139 0.013281 0.018056
0 0.432031 0.384028 0.009375 0.015278
1 0.446094 0.386111 0.015625 0.041667
0 0.527734 0.390278 0.013281 0.022222
1 0.558594 0.387500 0.023438 0.061111
0 0.537109 0.426389 0.017969 0.025000
0 0.588281 0.465972 0.023438 0.034722
0 0.713281 0.658333 0.065625 0.102778
0 0.873437 0.744444 0.103125 0.138889
