0 0.076953 0.802778 0.124219 0.125000
0 0.305859 0.628472 0.058594 0.084722
0 0.306641 0.535417 0.044531 0.054167
0 0.355078 0.478472 0.030469 0.037500
0 0.378516 0.452778 0.022656 0.033333
0 0.391406 0.490972 0.029687 0.045833
0 0.422656 0.584028 0.043750 0.065278
0 0.446484 0.461111 0.027344 0.033333
0 0.405469 0.413889 0.018750 0.027778
0 0.429297 0.416667 0.019531 0.030556
0 0.457813 0.425000 0.018750 0.027778
0 0.468359 0.409722 0.017969 0.022222
0 0.427344 0.390278 0.012500 0.019444
1 0.581641 0.384028 0.028906 0.059722
0 0.565625 0.420833 0.017188 0.025000
0 0.582031 0.445139 0.021875 0.031944
0 0.559375 0.488889 0.028125 0.050000
0 0.649219 0.565278 0.045312 0.075000
0 0.680859 0.522222 0.038281 0.058333
