0 0.211328 0.800694 0.105469 0.129167
0 0.318359 0.911111 0.111719 0.177778
0 0.212109 0.631250 0.067969 0.079167
0 0.373047 0.637500 0.057031 0.080556
0 0.431250 0.509028 0.031250 0.043056
0 0.404687 0.465278 0.026562 0.033333
0 0.360547 0.465972 0.025781 0.031944
1 0.454297 0.445833 0.024219 0.036111
0 0.406250 0.411111 0.015625 0.022222
0 0.413672 0.403472 0.013281 0.020833
0 0.425781 0.389583 0.010937 0.018056
1 0.449609 0.384028 0.017969 0.043056
0 0.464844 0.417361 0.014063 0.023611
0 0.546094 0.452778 0.020313 0.030556
0 0.529687 0.400694 0.014063 0.026389
1 0.566016 0.396528 0.030469 0.068056
0 0.615625 0.506250 0.031250 0.043056
0 0.885156 0.920833 0.143750 0.158333
