0 0.357812 0.763889 0.079687 0.122222
0 0.274609 0.691667 0.074219 0.097222
0 0.257812 0.581944 0.054688 0.066667
0 0.391797 0.590972 0.047656 0.062500
0 0.372266 0.453472 0.024219 0.031944
0 0.412109 0.454167 0.024219 0.030556
0 0.436719 0.488194 0.026562 0.040278
0 0.411328 0.406250 0.016406 0.023611
1 0.457031 0.436806 0.021875 0.034722
0 0.428906 0.386111 0.012500 0.016667
0 0.467187 0.411806 0.014063 0.020833
1 0.450391 0.380556 0.017969 0.038889
0 0.525000 0.381944 0.012500 0.019444
0 0.533203 0.419444 0.017969 0.030556
1 0.572656 0.407639 0.034375 0.079167
0 0.560937 0.498611 0.028125 0.047222
0 0.664062 0.586806 0.050000 0.070833
