0 0.311328 0.926389 0.114844 0.147222
0 0.384766 0.683333 0.063281 0.094444
0 0.313281 0.624306 0.057813 0.070833
0 0.289062 0.544444 0.045312 0.052778
0 0.403125 0.557639 0.039062 0.054167
0 0.443359 0.472222 0.024219 0.033333
0 0.417187 0.444444 0.021875 0.027778
0 0.380859 0.442361 0.022656 0.029167
0 0.415625 0.402083 0.015625 0.026389
0 0.458594 0.428472 0.021875 0.034722
0 0.469531 0.406944 0.012500 0.016667
0 0.432031 0.385417 0.012500 0.020833
0 0.540234 0.439583 0.019531 0.034722
1 0.585547 0.423611 0.042969 0.094444
0 0.588672 0.577778 0.041406 0.072222
0 0.761328 0.748611 0.091406 0.127778
