0 0.356641 0.788194 0.078906 0.120833
0 0.403906 0.625000 0.053125 0.077778
0 0.339844 0.575000 0.050000 0.055556
0 0.315625 0.513889 0.037500 0.044444
0 0.414453 0.531944 0.035156 0.047222
0 0.390625 0.432639 0.018750 0.023611
0 0.420703 0.434028 0.019531 0.023611
0 0.446094 0.458333 0.020313 0.027778
0 0.462891 0.420139 0.017969 0.026389
0 0.418750 0.400694 0.012500 0.020833
0 0.531250 0.401389 0.014063 0.022222
0 0.551953 0.479167 0.025781 0.047222
1 0.600781 0.447222 0.054688 0.119444
0 0.663672 0.793750 0.086719 0.156944
