0 0.055469 0.836806 0.109375 0.134722
0 0.382031 0.699306 0.062500 0.098611
0 0.334766 0.492361 0.033594 0.040278
0 0.360156 0.541667 0.040625 0.047222
0 0.415234 0.581250 0.044531 0.065278
0 0.420312 0.507639 0.031250 0.037500
0 0.397656 0.424306 0.018750 0.023611
0 0.425391 0.427778 0.017969 0.025000
0 0.450391 0.445833 0.019531 0.027778
0 0.464062 0.412500 0.017188 0.025000
0 0.534766 0.416667 0.016406 0.027778
1 0.582031 0.430556 0.032813 0.072222
1 0.624219 0.481250 0.075000 0.154167
0 0.568750 0.536806 0.037500 0.068056
