0 0.141797 0.727778 0.086719 0.102778
0 0.200000 0.826389 0.104688 0.116667
0 0.400781 0.634722 0.051562 0.077778
0 0.377344 0.513194 0.034375 0.043056
0 0.425391 0.547222 0.039844 0.052778
0 0.350391 0.474306 0.030469 0.034722
0 0.428516 0.490278 0.028906 0.038889
0 0.404687 0.417361 0.017188 0.020833
0 0.428516 0.421528 0.017969 0.023611
0 0.453906 0.437500 0.018750 0.022222
0 0.466797 0.406944 0.016406 0.022222
0 0.541406 0.438889 0.020313 0.033333
0 0.533984 0.399306 0.013281 0.020833
1 0.600000 0.454167 0.043750 0.091667
1 0.664062 0.534722 0.109375 0.208333
0 0.612109 0.673611 0.067969 0.125000
