0 0.196094 0.660417 0.068750 0.076389
0 0.264062 0.717361 0.075000 0.087500
0 0.412109 0.588889 0.046094 0.063889
0 0.389062 0.491667 0.029687 0.036111
0 0.363672 0.458333 0.027344 0.030556
0 0.432422 0.523611 0.033594 0.052778
0 0.434375 0.475694 0.025000 0.031944
0 0.409766 0.410417 0.016406 0.020833
0 0.430469 0.415278 0.015625 0.019444
0 0.455078 0.429167 0.019531 0.022222
0 0.468750 0.402778 0.015625 0.022222
0 0.538281 0.411806 0.014063 0.020833
1 0.580078 0.390972 0.017969 0.034722
1 0.551172 0.471528 0.024219 0.051389
1 0.623047 0.490278 0.052344 0.122222
1 0.734766 0.631944 0.186719 0.350000
0 0.323047 0.911806 0.097656 0.176389
