1 0.853125 0.769444 0.293750 0.461111
1 0.665234 0.556250 0.085156 0.173611
0 0.238672 0.611111 0.055469 0.069444
0 0.308203 0.640278 0.057031 0.063889
0 0.422656 0.554861 0.037500 0.051389
0 0.440234 0.501389 0.028906 0.041667
0 0.441016 0.462500 0.021094 0.030556
0 0.400391 0.472917 0.024219 0.031944
0 0.375391 0.445833 0.022656 0.027778
0 0.458594 0.421528 0.015625 0.020833
0 0.432031 0.411111 0.015625 0.019444
0 0.415625 0.406250 0.012500 0.018056
0 0.544531 0.434028 0.018750 0.026389
1 0.586719 0.401389 0.020313 0.038889
0 0.554297 0.394444 0.011719 0.019444
1 0.567969 0.521528 0.034375 0.068056
0 0.630078 0.457639 0.025781 0.029167
