1 0.739844 0.663889 0.134375 0.280556
0 0.157422 0.888889 0.127344 0.155556
0 0.382031 0.693056 0.059375 0.094444
0 0.334766 0.591667 0.049219 0.052778
0 0.266406 0.571528 0.050000 0.056944
0 0.429297 0.529861 0.033594 0.048611
0 0.444922 0.484722 0.027344 0.038889
0 0.407422 0.459722 0.024219 0.030556
0 0.382422 0.436806 0.021094 0.029167
0 0.444141 0.450694 0.021094 0.026389
0 0.432422 0.406250 0.013281 0.020833
0 0.419141 0.400694 0.013281 0.018056
0 0.460547 0.414583 0.013281 0.020833
0 0.472266 0.394444 0.014844 0.022222
0 0.528516 0.384722 0.010156 0.016667
0 0.559375 0.402083 0.012500 0.020833
0 0.552734 0.460417 0.021094 0.031944
1 0.596484 0.411806 0.022656 0.045833
1 0.598047 0.627083 0.053906 0.106944
0 0.651953 0.484722 0.032031 0.041667
