1 0.893359 0.834722 0.213281 0.330556
1 0.695703 0.897917 0.114844 0.204167
0 0.240234 0.742361 0.083594 0.106944
0 0.330078 0.898611 0.107031 0.172222
0 0.399609 0.634028 0.047656 0.079167
0 0.357422 0.554167 0.038281 0.044444
0 0.290625 0.543750 0.043750 0.045833
0 0.436328 0.506250 0.028906 0.040278
0 0.415234 0.448611 0.021094 0.027778
0 0.391016 0.426389 0.019531 0.025000
0 0.449219 0.468056 0.023438 0.033333
0 0.448828 0.438889 0.017969 0.025000
0 0.463672 0.408333 0.013281 0.016667
0 0.432812 0.402083 0.014063 0.018056
0 0.566406 0.416667 0.015625 0.027778
1 0.608594 0.425694 0.026562 0.054167
0 0.567187 0.507639 0.029687 0.045833
0 0.686328 0.527083 0.038281 0.051389
0 0.780859 0.645139 0.061719 0.081944
