0 0.353906 0.829861 0.087500 0.143056
0 0.299219 0.648611 0.065625 0.080556
0 0.267578 0.563889 0.052344 0.061111
0 0.375391 0.511111 0.036719 0.052778
0 0.428125 0.529861 0.039062 0.059722
0 0.398047 0.441667 0.027344 0.036111
0 0.452734 0.440972 0.021094 0.031944
0 0.433594 0.420139 0.018750 0.029167
0 0.416406 0.403472 0.015625 0.023611
0 0.464062 0.408333 0.020313 0.027778
0 0.429688 0.392361 0.014063 0.020833
1 0.438672 0.370139 0.017969 0.037500
0 0.902734 0.772222 0.108594 0.169444
0 0.705078 0.680556 0.072656 0.105556
0 0.639844 0.531250 0.043750 0.076389
0 0.657422 0.486111 0.035156 0.055556
0 0.601562 0.430556 0.018750 0.030556
0 0.530859 0.412500 0.017969 0.027778
0 0.563672 0.415972 0.016406 0.029167
0 0.581250 0.403472 0.015625 0.026389
0 0.545312 0.382639 0.012500 0.018056
0 0.564844 0.379861 0.012500 0.018056
