0 0.146094 0.720139 0.093750 0.093056
0 0.330469 0.583333 0.050000 0.063889
0 0.324219 0.516667 0.039062 0.047222
0 0.433203 0.543056 0.036719 0.050000
0 0.402734 0.474306 0.027344 0.037500
0 0.365234 0.466667 0.028906 0.033333
0 0.384766 0.440278 0.019531 0.030556
0 0.451562 0.447917 0.023438 0.029167
0 0.410938 0.407639 0.015625 0.020833
0 0.432812 0.413194 0.017188 0.026389
0 0.460547 0.415278 0.014844 0.025000
0 0.430859 0.387500 0.011719 0.016667
1 0.588281 0.391667 0.029687 0.066667
0 0.575391 0.436111 0.017969 0.030556
0 0.596875 0.467361 0.025000 0.034722
0 0.576562 0.538194 0.035937 0.065278
0 0.723828 0.570139 0.050781 0.073611
0 0.708203 0.663889 0.066406 0.111111
