0 0.288281 0.659028 0.064062 0.084722
0 0.363672 0.782639 0.078906 0.118056
0 0.410547 0.594444 0.039844 0.063889
0 0.373047 0.526389 0.035156 0.044444
0 0.309766 0.523611 0.035156 0.044444
0 0.441016 0.489583 0.025781 0.037500
0 0.421484 0.438194 0.019531 0.026389
0 0.396875 0.420139 0.018750 0.023611
0 0.452344 0.458333 0.021875 0.033333
0 0.451953 0.431944 0.016406 0.025000
0 0.466016 0.404861 0.013281 0.018056
0 0.432812 0.400000 0.014063 0.019444
0 0.536719 0.409722 0.014063 0.022222
0 0.575000 0.434028 0.017188 0.029167
0 0.587109 0.409722 0.016406 0.022222
1 0.625391 0.443750 0.032031 0.059722
0 0.592187 0.579861 0.039062 0.070833
0 0.733594 0.581250 0.053125 0.068056
0 0.922266 0.809722 0.110156 0.147222
