0 0.385547 0.702083 0.067969 0.104167
0 0.322266 0.600000 0.053906 0.066667
0 0.326953 0.504167 0.032031 0.041667
0 0.386719 0.504167 0.029687 0.036111
0 0.419531 0.559722 0.037500 0.055556
0 0.444531 0.474306 0.023438 0.034722
0 0.403516 0.413889 0.017969 0.022222
0 0.426172 0.428472 0.019531 0.023611
0 0.455859 0.446528 0.019531 0.029167
0 0.455859 0.424306 0.014844 0.020833
0 0.432422 0.397917 0.011719 0.018056
0 0.531641 0.396528 0.013281 0.020833
0 0.541797 0.427083 0.014844 0.023611
0 0.577344 0.398611 0.014063 0.019444
0 0.587891 0.457639 0.022656 0.034722
0 0.596875 0.422222 0.017188 0.025000
0 0.651563 0.754167 0.078125 0.138889
0 0.825000 0.691667 0.082812 0.113889
1 0.648828 0.471528 0.041406 0.079167
