0 0.306641 0.931944 0.103906 0.136111
0 0.402734 0.641667 0.053906 0.080556
0 0.346484 0.559722 0.044531 0.055556
0 0.339062 0.486111 0.029687 0.041667
0 0.396094 0.487500 0.031250 0.038889
0 0.426953 0.534722 0.032031 0.047222
0 0.448828 0.462500 0.022656 0.033333
0 0.458203 0.438889 0.017969 0.027778
0 0.431250 0.421528 0.017188 0.023611
0 0.408203 0.407639 0.016406 0.020833
0 0.534375 0.408333 0.015625 0.022222
0 0.550000 0.447917 0.017188 0.026389
0 0.584766 0.408333 0.016406 0.022222
0 0.608594 0.436111 0.018750 0.027778
0 0.604688 0.488194 0.029687 0.045833
1 0.679688 0.504167 0.048438 0.094444
0 0.964063 0.885417 0.071875 0.176389
