0 0.149219 0.927778 0.142187 0.144444
0 0.095312 0.775694 0.121875 0.118056
0 0.343750 0.815972 0.079687 0.131944
0 0.415234 0.600000 0.047656 0.072222
0 0.365234 0.530556 0.036719 0.047222
0 0.351562 0.472917 0.026562 0.031944
0 0.406641 0.470833 0.024219 0.033333
0 0.433594 0.513889 0.031250 0.044444
0 0.451172 0.452778 0.019531 0.030556
0 0.459766 0.429861 0.016406 0.023611
0 0.434766 0.414583 0.014844 0.023611
0 0.412109 0.400000 0.014844 0.019444
0 0.538281 0.425000 0.017188 0.025000
0 0.594531 0.420833 0.017188 0.022222
0 0.561328 0.481944 0.025781 0.038889
0 0.625781 0.456944 0.023438 0.030556
0 0.635156 0.541667 0.039062 0.063889
1 0.731250 0.561111 0.071875 0.133333
