0 0.166797 0.690278 0.089844 0.088889
0 0.233594 0.786111 0.096875 0.119444
0 0.367969 0.732639 0.065625 0.104167
0 0.422266 0.568056 0.041406 0.058333
0 0.380078 0.506250 0.033594 0.043056
0 0.361719 0.461111 0.025000 0.033333
0 0.412891 0.459028 0.022656 0.029167
0 0.438672 0.495139 0.028906 0.037500
0 0.454688 0.443750 0.018750 0.029167
0 0.416016 0.397917 0.013281 0.018056
0 0.438281 0.407639 0.012500 0.018056
0 0.463281 0.421528 0.015625 0.020833
0 0.545703 0.445833 0.021094 0.030556
0 0.605078 0.434722 0.021094 0.030556
0 0.579688 0.534028 0.032813 0.054167
0 0.646484 0.481944 0.030469 0.038889
0 0.685937 0.631944 0.059375 0.097222
1 0.812500 0.651389 0.110937 0.194444
