0 0.221484 0.627778 0.069531 0.075000
0 0.289062 0.686806 0.070312 0.093056
0 0.386328 0.671528 0.055469 0.087500
0 0.430469 0.543056 0.035937 0.052778
0 0.390625 0.486111 0.029687 0.038889
0 0.370703 0.450000 0.022656 0.030556
0 0.419141 0.447917 0.019531 0.026389
0 0.442969 0.479167 0.023438 0.036111
0 0.420312 0.393750 0.012500 0.018056
0 0.442188 0.402083 0.014063 0.020833
0 0.456641 0.433333 0.016406 0.025000
0 0.556641 0.403472 0.016406 0.020833
0 0.576562 0.395833 0.012500 0.019444
0 0.557813 0.484028 0.028125 0.043056
0 0.620703 0.455556 0.025781 0.033333
0 0.615234 0.632639 0.049219 0.081944
0 0.677734 0.520139 0.036719 0.051389
0 0.810937 0.847917 0.117188 0.198611
1 0.942969 0.813889 0.114062 0.269444
