0 0.134375 0.923611 0.157812 0.152778
0 0.298047 0.913889 0.128906 0.172222
0 0.257422 0.586111 0.057031 0.066667
0 0.320312 0.622222 0.054688 0.075000
0 0.398438 0.629861 0.050000 0.079167
0 0.435547 0.520833 0.033594 0.044444
0 0.399219 0.472917 0.026562 0.037500
0 0.377734 0.440278 0.021094 0.027778
0 0.424219 0.440278 0.018750 0.027778
0 0.445703 0.466667 0.021094 0.033333
0 0.459375 0.427083 0.015625 0.023611
0 0.564063 0.414583 0.015625 0.026389
0 0.550781 0.390972 0.012500 0.018056
0 0.582422 0.403472 0.013281 0.023611
0 0.576953 0.534722 0.036719 0.058333
0 0.640625 0.478472 0.031250 0.040278
0 0.723828 0.575000 0.050781 0.066667
0 0.696484 0.856944 0.097656 0.169444
