0 0.233203 0.769444 0.102344 0.116667
0 0.339062 0.813889 0.100000 0.166667
0 0.287109 0.549306 0.047656 0.051389
0 0.347266 0.573611 0.046094 0.055556
0 0.409375 0.588889 0.042188 0.063889
0 0.384766 0.433333 0.019531 0.025000
0 0.405859 0.461111 0.022656 0.030556
0 0.441016 0.502083 0.028906 0.040278
0 0.428906 0.431250 0.017188 0.026389
0 0.449609 0.454167 0.019531 0.027778
0 0.460938 0.420833 0.015625 0.025000
0 0.556641 0.402083 0.014844 0.020833
0 0.572266 0.432639 0.017969 0.029167
0 0.590625 0.415278 0.017188 0.019444
0 0.669922 0.515278 0.036719 0.050000
0 0.607031 0.645833 0.053125 0.097222
0 0.808203 0.675000 0.077344 0.100000
