0 0.097656 0.789583 0.107813 0.123611
0 0.287500 0.674306 0.075000 0.090278
0 0.363281 0.734028 0.081250 0.131944
0 0.308594 0.525694 0.040625 0.048611
0 0.365234 0.540278 0.036719 0.050000
0 0.417187 0.561806 0.037500 0.056944
0 0.445312 0.486111 0.026562 0.036111
0 0.412500 0.449306 0.021875 0.029167
0 0.390234 0.425694 0.017969 0.026389
0 0.433203 0.420139 0.016406 0.023611
0 0.452734 0.445139 0.017969 0.026389
0 0.562500 0.413889 0.017188 0.022222
0 0.601953 0.427778 0.017969 0.025000
0 0.583594 0.454861 0.023438 0.037500
0 0.710938 0.566667 0.048438 0.061111
0 0.691016 0.900000 0.107031 0.200000
0 0.949609 0.871528 0.100781 0.184722
