0 0.201953 0.656250 0.074219 0.084722
0 0.351172 0.546528 0.042969 0.054167
0 0.341797 0.493750 0.035156 0.040278
0 0.440625 0.510417 0.031250 0.043056
0 0.374609 0.453472 0.024219 0.029167
0 0.392188 0.430556 0.017188 0.027778
0 0.412891 0.458333 0.027344 0.033333
0 0.454688 0.436806 0.021875 0.029167
0 0.437891 0.404167 0.016406 0.022222
0 0.414844 0.402083 0.015625 0.020833
0 0.462891 0.408333 0.014844 0.019444
0 0.532031 0.409028 0.014063 0.023611
1 0.600000 0.403472 0.039062 0.076389
0 0.588672 0.459028 0.025781 0.034722
0 0.619922 0.506944 0.035156 0.047222
0 0.610938 0.647222 0.057813 0.108333
0 0.799219 0.661806 0.075000 0.109722
0 0.859375 0.902083 0.140625 0.195833
