0 0.110156 0.949306 0.151562 0.101389
0 0.223438 0.633333 0.064062 0.072222
0 0.395703 0.632639 0.058594 0.093056
0 0.348047 0.565278 0.047656 0.055556
0 0.341406 0.488194 0.032813 0.040278
0 0.391406 0.494444 0.028125 0.038889
0 0.430469 0.514583 0.031250 0.043056
0 0.401953 0.413889 0.016406 0.022222
0 0.423438 0.431250 0.018750 0.023611
0 0.452344 0.459722 0.023438 0.030556
0 0.456641 0.427083 0.014844 0.023611
0 0.577344 0.423611 0.017188 0.025000
0 0.580078 0.454167 0.024219 0.033333
0 0.636719 0.472222 0.026562 0.038889
0 0.630859 0.543750 0.042969 0.068056
0 0.930469 0.841667 0.135937 0.175000
