0 0.045312 0.881250 0.089063 0.137500
0 0.212500 0.806250 0.106250 0.123611
0 0.290625 0.929861 0.121875 0.140278
0 0.263672 0.584722 0.052344 0.061111
0 0.408203 0.599306 0.050781 0.084722
0 0.366406 0.531944 0.042188 0.050000
0 0.353906 0.472917 0.029687 0.034722
0 0.400000 0.476389 0.028125 0.036111
0 0.406250 0.409028 0.014063 0.023611
0 0.426953 0.425000 0.016406 0.025000
0 0.437109 0.496528 0.027344 0.037500
0 0.455078 0.449306 0.021094 0.026389
0 0.459375 0.420833 0.015625 0.022222
0 0.531641 0.411806 0.014844 0.023611
0 0.584375 0.442361 0.020313 0.029167
0 0.588672 0.411111 0.014844 0.019444
0 0.599219 0.488194 0.029687 0.043056
0 0.666797 0.507639 0.035156 0.043056
0 0.686328 0.646528 0.060156 0.101389
