0 0.123047 0.755556 0.094531 0.111111
0 0.328516 0.835417 0.094531 0.140278
0 0.272266 0.698611 0.077344 0.097222
0 0.290234 0.552083 0.044531 0.054167
0 0.416016 0.569444 0.046094 0.077778
0 0.380078 0.506944 0.035156 0.041667
0 0.364844 0.461111 0.026562 0.033333
0 0.408203 0.461111 0.024219 0.030556
0 0.441797 0.482639 0.025781 0.037500
0 0.411328 0.404861 0.014844 0.023611
0 0.430469 0.416667 0.017188 0.025000
0 0.457813 0.440278 0.017188 0.025000
0 0.536719 0.429167 0.017188 0.025000
0 0.560156 0.404167 0.015625 0.022222
0 0.598047 0.424306 0.016406 0.023611
0 0.596094 0.463889 0.025000 0.036111
0 0.626953 0.541667 0.039844 0.058333
0 0.712500 0.564583 0.046875 0.062500
0 0.813281 0.880556 0.126562 0.213889
