0 0.190625 0.669444 0.070312 0.077778
0 0.314453 0.622917 0.058594 0.073611
0 0.357031 0.748611 0.076563 0.111111
0 0.423438 0.547222 0.042188 0.072222
0 0.314453 0.525694 0.041406 0.043056
0 0.391016 0.486111 0.032031 0.036111
0 0.444531 0.468056 0.025000 0.033333
0 0.375000 0.450000 0.023438 0.027778
0 0.415234 0.449306 0.022656 0.029167
0 0.545703 0.454167 0.021094 0.030556
0 0.567187 0.415972 0.017188 0.023611
0 0.529297 0.395139 0.013281 0.026389
0 0.611719 0.439583 0.018750 0.029167
0 0.616016 0.500694 0.032031 0.040278
0 0.684375 0.645833 0.062500 0.088889
0 0.800781 0.670139 0.071875 0.098611
