0 0.236328 0.616667 0.057031 0.066667
0 0.375781 0.688889 0.065625 0.088889
0 0.340234 0.574306 0.049219 0.059722
0 0.332031 0.506250 0.034375 0.043056
0 0.429297 0.526389 0.039844 0.058333
0 0.400781 0.471528 0.028125 0.034722
0 0.381250 0.440972 0.021875 0.026389
0 0.421875 0.439583 0.020313 0.026389
0 0.450781 0.455556 0.020313 0.030556
0 0.461719 0.424306 0.015625 0.026389
0 0.532422 0.406250 0.017969 0.026389
0 0.576172 0.429167 0.016406 0.027778
0 0.555859 0.491667 0.027344 0.041667
0 0.627734 0.463194 0.025781 0.034722
0 0.645312 0.552778 0.043750 0.061111
0 0.821094 0.888889 0.129688 0.208333
0 0.956250 0.884028 0.087500 0.181944
