0 0.328906 0.886806 0.107813 0.176389
0 0.391406 0.643056 0.056250 0.080556
0 0.271484 0.575000 0.046094 0.055556
0 0.362891 0.540278 0.041406 0.052778
0 0.346875 0.486806 0.031250 0.040278
0 0.434375 0.509028 0.034375 0.054167
0 0.407031 0.456944 0.026562 0.030556
0 0.388672 0.432639 0.019531 0.023611
0 0.425781 0.429861 0.018750 0.023611
0 0.453906 0.444444 0.018750 0.025000
0 0.536328 0.425000 0.019531 0.030556
0 0.560547 0.410417 0.016406 0.031944
0 0.589063 0.450694 0.021875 0.031944
0 0.576172 0.555556 0.036719 0.058333
0 0.655078 0.494444 0.030469 0.047222
0 0.703516 0.651389 0.063281 0.091667
