0 0.190625 0.865278 0.126562 0.155556
0 0.357031 0.786806 0.085938 0.143056
0 0.296094 0.544444 0.039062 0.052778
0 0.402344 0.604861 0.048438 0.065278
0 0.378516 0.513889 0.035156 0.044444
0 0.357422 0.474306 0.027344 0.034722
0 0.437109 0.495833 0.030469 0.052778
0 0.414844 0.445833 0.021875 0.027778
0 0.393359 0.424306 0.017969 0.026389
0 0.457813 0.434722 0.015625 0.025000
0 0.430859 0.422917 0.014844 0.023611
0 0.543750 0.446528 0.023438 0.034722
0 0.567969 0.422917 0.018750 0.031944
0 0.604297 0.430556 0.017969 0.025000
0 0.603906 0.477083 0.028125 0.037500
0 0.691797 0.542361 0.039844 0.056944
0 0.611719 0.671528 0.059375 0.095833
0 0.829688 0.868056 0.120313 0.186111
