0 0.092969 0.792361 0.115625 0.131944
0 0.260937 0.731944 0.085938 0.111111
0 0.378516 0.707639 0.069531 0.115278
0 0.412891 0.575000 0.044531 0.061111
0 0.317578 0.519444 0.035156 0.044444
0 0.368359 0.460417 0.024219 0.029167
0 0.391406 0.488194 0.031250 0.037500
0 0.441406 0.480556 0.028125 0.047222
0 0.420312 0.436806 0.021875 0.029167
0 0.400781 0.420139 0.017188 0.023611
0 0.461719 0.427778 0.015625 0.025000
0 0.554297 0.479861 0.028906 0.048611
0 0.578906 0.443750 0.020313 0.043056
0 0.616797 0.446528 0.022656 0.034722
0 0.628125 0.518750 0.034375 0.045833
0 0.761328 0.629167 0.064844 0.088889
