0 0.161328 0.705556 0.085156 0.108333
0 0.304688 0.652778 0.062500 0.077778
0 0.392969 0.656944 0.057813 0.100000
0 0.419531 0.550000 0.039062 0.052778
0 0.334766 0.502083 0.030469 0.040278
0 0.376172 0.450694 0.021094 0.029167
0 0.401562 0.474306 0.028125 0.034722
0 0.443750 0.467361 0.026562 0.040278
0 0.425781 0.427083 0.018750 0.023611
0 0.404687 0.415278 0.015625 0.022222
1 0.554688 0.396528 0.017188 0.037500
0 0.588672 0.409722 0.013281 0.022222
0 0.592187 0.468750 0.026562 0.048611
0 0.569531 0.531250 0.035937 0.065278
0 0.631641 0.466667 0.027344 0.038889
0 0.665234 0.580556 0.046094 0.066667
0 0.896875 0.794444 0.110937 0.158333
