0 0.215625 0.635417 0.067187 0.076389
0 0.336328 0.597222 0.052344 0.072222
0 0.402734 0.611111 0.049219 0.077778
0 0.428125 0.528472 0.034375 0.048611
0 0.348828 0.483333 0.027344 0.038889
0 0.385547 0.441667 0.021094 0.030556
0 0.412109 0.456944 0.027344 0.030556
0 0.448047 0.457639 0.025781 0.040278
0 0.409766 0.409028 0.017969 0.020833
0 0.431250 0.420139 0.017188 0.023611
0 0.466406 0.412500 0.015625 0.022222
1 0.562500 0.410417 0.020313 0.043056
0 0.599219 0.422222 0.017188 0.025000
0 0.614062 0.507639 0.035937 0.065278
0 0.658594 0.498611 0.032813 0.044444
0 0.601953 0.629861 0.057031 0.104167
0 0.739062 0.706250 0.076563 0.112500
