0 0.046484 0.884722 0.091406 0.155556
0 0.241016 0.609028 0.060156 0.065278
0 0.366406 0.520139 0.037500 0.048611
0 0.354687 0.479861 0.029687 0.037500
0 0.382031 0.444444 0.023438 0.030556
0 0.447266 0.486111 0.027344 0.038889
0 0.419922 0.444444 0.022656 0.030556
0 0.399609 0.423611 0.017969 0.025000
0 0.458594 0.425000 0.018750 0.027778
0 0.419531 0.397917 0.014063 0.023611
0 0.439453 0.399306 0.014844 0.020833
0 0.535937 0.423611 0.018750 0.027778
0 0.578906 0.400694 0.014063 0.023611
1 0.612891 0.414583 0.044531 0.087500
0 0.604688 0.490278 0.026562 0.044444
0 0.653125 0.561111 0.045312 0.066667
0 0.695312 0.893056 0.114062 0.213889
0 0.933984 0.827083 0.132031 0.204167
