0 0.154688 0.906250 0.132812 0.173611
0 0.334375 0.888194 0.106250 0.179167
0 0.250391 0.597222 0.057031 0.075000
0 0.355859 0.559028 0.042969 0.059722
0 0.410938 0.579167 0.043750 0.069444
0 0.360156 0.472222 0.025000 0.038889
0 0.432812 0.511111 0.031250 0.041667
0 0.392188 0.434028 0.021875 0.023611
0 0.418750 0.447222 0.023438 0.027778
0 0.449609 0.449306 0.022656 0.034722
1 0.571094 0.422917 0.021875 0.048611
0 0.608203 0.435417 0.019531 0.029167
0 0.646094 0.563889 0.050000 0.086111
0 0.691406 0.538194 0.040625 0.059722
0 0.680078 0.855556 0.105469 0.219444
0 0.894141 0.934722 0.135156 0.130556
