0 0.048047 0.875000 0.094531 0.147222
0 0.240234 0.755556 0.089844 0.116667
0 0.362891 0.781250 0.083594 0.134722
0 0.280469 0.560417 0.046875 0.059722
0 0.373047 0.527083 0.036719 0.045833
0 0.418750 0.549306 0.040625 0.062500
0 0.437500 0.496528 0.029687 0.040278
0 0.369531 0.456250 0.023438 0.031944
0 0.397656 0.425694 0.017188 0.023611
0 0.425781 0.436111 0.021875 0.025000
0 0.452734 0.439583 0.021094 0.031944
0 0.438672 0.407639 0.014844 0.018056
0 0.416797 0.400694 0.011719 0.018056
0 0.535937 0.420139 0.015625 0.026389
1 0.584766 0.443056 0.027344 0.055556
0 0.623828 0.452778 0.021094 0.030556
0 0.745703 0.606250 0.057031 0.079167
0 0.715234 0.672917 0.078906 0.137500
