0 0.109375 0.763889 0.114062 0.116667
0 0.380469 0.707639 0.068750 0.101389
0 0.286719 0.670139 0.070312 0.084722
0 0.301563 0.535417 0.042188 0.054167
0 0.387109 0.501389 0.033594 0.041667
0 0.424609 0.530556 0.035156 0.055556
0 0.441406 0.483333 0.026562 0.038889
0 0.378516 0.449306 0.021094 0.029167
0 0.429297 0.427083 0.017969 0.023611
0 0.455469 0.429861 0.017188 0.029167
0 0.542188 0.438194 0.017188 0.031944
0 0.589453 0.411111 0.013281 0.019444
1 0.600781 0.471528 0.034375 0.073611
0 0.642969 0.473611 0.023438 0.038889
0 0.835938 0.712500 0.087500 0.116667
0 0.856250 0.890972 0.148438 0.218056
