0 0.176953 0.682639 0.088281 0.093056
0 0.321094 0.609722 0.054688 0.069444
0 0.396875 0.649306 0.056250 0.087500
0 0.322266 0.513194 0.035156 0.045833
0 0.399219 0.479861 0.029687 0.037500
0 0.431250 0.512500 0.034375 0.050000
0 0.387109 0.437500 0.019531 0.025000
0 0.406250 0.413194 0.014063 0.020833
0 0.434375 0.420833 0.015625 0.025000
0 0.445703 0.466667 0.022656 0.030556
0 0.458203 0.423611 0.017969 0.025000
0 0.531250 0.406250 0.012500 0.023611
0 0.558984 0.405556 0.013281 0.022222
0 0.586328 0.404861 0.014844 0.020833
0 0.600000 0.427778 0.017188 0.022222
0 0.551953 0.468750 0.021094 0.040278
1 0.630469 0.513889 0.042188 0.091667
0 0.669922 0.506944 0.032031 0.047222
