0 0.166016 0.846528 0.117969 0.143056
0 0.314063 0.922222 0.112500 0.155556
0 0.224219 0.627083 0.070312 0.073611
0 0.408984 0.608333 0.049219 0.075000
0 0.342578 0.570139 0.044531 0.056944
0 0.336328 0.495139 0.033594 0.040278
0 0.407813 0.464583 0.026562 0.031944
0 0.392969 0.431250 0.018750 0.023611
0 0.436328 0.493056 0.028906 0.047222
0 0.449609 0.456944 0.021094 0.030556
0 0.460547 0.415972 0.014844 0.023611
0 0.436719 0.414583 0.015625 0.020833
0 0.411328 0.409722 0.014844 0.019444
0 0.535937 0.419444 0.017188 0.027778
0 0.566016 0.418750 0.014844 0.029167
0 0.594141 0.414583 0.016406 0.026389
0 0.611328 0.443056 0.024219 0.030556
1 0.564063 0.512500 0.029687 0.058333
1 0.672266 0.580556 0.063281 0.130556
0 0.710547 0.548611 0.033594 0.055556
