0 0.052344 0.869444 0.101562 0.186111
0 0.238281 0.724306 0.082812 0.104167
0 0.351562 0.807639 0.084375 0.126389
0 0.261719 0.584028 0.057813 0.059722
0 0.419531 0.572222 0.045312 0.061111
0 0.362109 0.538194 0.039844 0.051389
0 0.349609 0.479861 0.030469 0.037500
0 0.415625 0.451389 0.021875 0.030556
0 0.399219 0.423611 0.017188 0.025000
0 0.442188 0.478472 0.026562 0.037500
0 0.452734 0.446528 0.021094 0.029167
0 0.541016 0.439583 0.019531 0.031944
0 0.574219 0.433333 0.017188 0.030556
0 0.605859 0.429167 0.017969 0.027778
0 0.628906 0.463889 0.026562 0.036111
1 0.589063 0.591667 0.043750 0.083333
1 0.764062 0.720139 0.112500 0.220833
0 0.773047 0.628472 0.055469 0.081944
