0 0.118359 0.749306 0.116406 0.145833
0 0.373047 0.729167 0.066406 0.105556
0 0.282422 0.651389 0.064844 0.083333
0 0.288672 0.552778 0.049219 0.055556
0 0.375781 0.514583 0.032813 0.043056
0 0.426953 0.547222 0.036719 0.052778
0 0.360547 0.467361 0.027344 0.034722
0 0.446094 0.467361 0.023438 0.037500
0 0.422266 0.440278 0.019531 0.027778
0 0.404687 0.418056 0.014063 0.022222
0 0.454688 0.438889 0.017188 0.027778
0 0.465625 0.404167 0.015625 0.022222
0 0.443750 0.404861 0.015625 0.020833
0 0.419141 0.400000 0.013281 0.016667
0 0.531641 0.397917 0.014844 0.020833
0 0.560156 0.412500 0.015625 0.025000
0 0.548828 0.467361 0.022656 0.037500
0 0.585156 0.454167 0.021875 0.033333
0 0.619141 0.443750 0.021094 0.031944
0 0.650781 0.491667 0.032813 0.044444
0 0.642188 0.751389 0.075000 0.152778
0 0.882812 0.758333 0.095312 0.133333
