0 0.298438 0.927778 0.125000 0.144444
0 0.188281 0.665972 0.087500 0.109722
0 0.317188 0.596528 0.051562 0.065278
0 0.391797 0.669444 0.058594 0.083333
0 0.311328 0.527083 0.041406 0.045833
0 0.388281 0.493056 0.029687 0.038889
0 0.371094 0.454861 0.025000 0.034722
0 0.434375 0.522222 0.032813 0.050000
0 0.450000 0.457639 0.025000 0.034722
0 0.428516 0.431250 0.016406 0.026389
0 0.409766 0.413194 0.014844 0.020833
0 0.457813 0.428472 0.014063 0.026389
0 0.534766 0.409028 0.016406 0.023611
0 0.568359 0.428472 0.016406 0.026389
0 0.561719 0.510417 0.029687 0.045833
0 0.600391 0.484722 0.025781 0.044444
0 0.638281 0.465972 0.026562 0.037500
0 0.685156 0.533333 0.042188 0.055556
