0 0.192578 0.841667 0.113281 0.136111
0 0.340234 0.820833 0.097656 0.138889
0 0.232031 0.611111 0.070312 0.088889
0 0.340234 0.557639 0.044531 0.059722
0 0.328906 0.507639 0.037500 0.045833
0 0.402734 0.627083 0.050781 0.073611
0 0.378906 0.445139 0.023438 0.029167
0 0.397656 0.475694 0.028125 0.034722
0 0.439844 0.503472 0.032813 0.040278
0 0.412500 0.408333 0.014063 0.019444
0 0.433203 0.422222 0.016406 0.022222
0 0.451172 0.445139 0.021094 0.031944
0 0.538672 0.422222 0.017969 0.025000
0 0.556250 0.395139 0.014063 0.020833
0 0.572266 0.390972 0.013281 0.020833
0 0.587500 0.415278 0.012500 0.019444
0 0.577734 0.445139 0.019531 0.031944
0 0.583594 0.579861 0.040625 0.073611
0 0.623047 0.523611 0.032031 0.055556
0 0.663281 0.496528 0.029687 0.048611
0 0.735547 0.593750 0.057031 0.070833
