0 0.087891 0.798611 0.132031 0.125000
0 0.263672 0.712500 0.078906 0.097222
0 0.371094 0.726389 0.075000 0.105556
0 0.267578 0.569444 0.057031 0.069444
0 0.412891 0.590972 0.044531 0.059722
0 0.359766 0.527778 0.039844 0.047222
0 0.344531 0.488889 0.032813 0.036111
0 0.386719 0.437500 0.021875 0.027778
0 0.405469 0.461806 0.025000 0.031944
0 0.445312 0.487500 0.028125 0.038889
0 0.417187 0.403472 0.014063 0.020833
0 0.437109 0.413889 0.014844 0.022222
0 0.454688 0.437500 0.018750 0.027778
0 0.462891 0.415278 0.014844 0.025000
0 0.543750 0.440278 0.020313 0.030556
0 0.598437 0.427778 0.017188 0.025000
0 0.560937 0.405556 0.015625 0.019444
0 0.591016 0.468056 0.022656 0.033333
0 0.659375 0.593056 0.050000 0.080556
0 0.701172 0.538889 0.039844 0.061111
0 0.631641 0.736111 0.072656 0.127778
0 0.833594 0.712500 0.090625 0.122222
