0 0.108984 0.767361 0.124219 0.123611
0 0.183594 0.868750 0.120313 0.148611
0 0.303906 0.929167 0.126562 0.141667
0 0.273828 0.570139 0.049219 0.056944
0 0.380859 0.497917 0.032031 0.040278
0 0.366406 0.466667 0.026562 0.033333
0 0.390625 0.436806 0.021875 0.031944
0 0.425781 0.433333 0.021875 0.027778
0 0.452344 0.464583 0.023438 0.029167
0 0.404297 0.416667 0.016406 0.025000
0 0.460938 0.416667 0.017188 0.022222
0 0.423047 0.393750 0.014844 0.018056
0 0.443359 0.393056 0.013281 0.022222
0 0.530078 0.389583 0.013281 0.023611
0 0.533203 0.415278 0.016406 0.025000
0 0.541406 0.445833 0.020313 0.027778
0 0.589453 0.412500 0.016406 0.022222
1 0.631641 0.434722 0.057031 0.105556
0 0.633203 0.538889 0.038281 0.058333
0 0.717187 0.664583 0.070312 0.095833
