0 0.162109 0.705556 0.099219 0.094444
0 0.306250 0.639583 0.060937 0.081944
0 0.388281 0.662500 0.060937 0.083333
0 0.292969 0.543750 0.050000 0.065278
0 0.356250 0.474306 0.028125 0.031944
0 0.375391 0.504861 0.033594 0.043056
0 0.420312 0.563194 0.040625 0.056944
0 0.392578 0.428472 0.017969 0.026389
0 0.412891 0.450000 0.024219 0.027778
0 0.448437 0.474306 0.026562 0.034722
0 0.456641 0.429861 0.021094 0.029167
0 0.441016 0.406944 0.014844 0.022222
0 0.421875 0.399306 0.012500 0.018056
0 0.565234 0.417361 0.016406 0.023611
0 0.584766 0.406944 0.016406 0.022222
0 0.551172 0.462500 0.022656 0.036111
0 0.611328 0.443750 0.021094 0.029167
0 0.609375 0.500694 0.031250 0.045833
0 0.756250 0.604861 0.060937 0.084722
0 0.730078 0.720833 0.075781 0.130556
