0 0.216406 0.640278 0.075000 0.072222
0 0.335938 0.586111 0.048438 0.061111
0 0.314844 0.518056 0.042188 0.055556
0 0.404297 0.616667 0.050781 0.072222
0 0.427344 0.538889 0.035937 0.050000
0 0.388672 0.482639 0.028906 0.031944
0 0.452344 0.461111 0.021875 0.033333
0 0.420703 0.437500 0.021094 0.025000
0 0.399219 0.421528 0.018750 0.023611
0 0.367188 0.461111 0.025000 0.033333
0 0.563281 0.497917 0.031250 0.045833
0 0.629297 0.467361 0.024219 0.034722
0 0.641406 0.551389 0.040625 0.058333
0 0.868359 0.738194 0.097656 0.143056
