0 0.252344 0.599306 0.062500 0.065278
0 0.356250 0.549306 0.042188 0.048611
0 0.330859 0.497222 0.036719 0.052778
0 0.414844 0.581944 0.045312 0.061111
0 0.376563 0.451389 0.023438 0.027778
0 0.396875 0.468056 0.028125 0.033333
0 0.432422 0.520833 0.032031 0.047222
0 0.404297 0.416667 0.017969 0.025000
0 0.425000 0.429861 0.020313 0.023611
0 0.454297 0.452083 0.021094 0.031944
0 0.460547 0.418056 0.017969 0.025000
0 0.582031 0.418056 0.017188 0.025000
0 0.584766 0.450000 0.022656 0.030556
0 0.603906 0.433333 0.020313 0.025000
0 0.580859 0.546528 0.039844 0.059722
0 0.655078 0.499306 0.030469 0.040278
0 0.694141 0.626389 0.057031 0.083333
