0 0.341797 0.847917 0.099219 0.151389
0 0.282031 0.563889 0.050000 0.055556
0 0.373828 0.520833 0.035156 0.044444
0 0.345313 0.484722 0.034375 0.052778
0 0.423828 0.554861 0.041406 0.054167
0 0.437500 0.502778 0.029687 0.038889
0 0.407422 0.455556 0.022656 0.030556
0 0.385156 0.440972 0.021875 0.023611
0 0.409766 0.410417 0.016406 0.023611
0 0.431250 0.420833 0.017188 0.022222
0 0.457031 0.441667 0.020313 0.027778
0 0.551953 0.387500 0.014844 0.022222
0 0.596484 0.430556 0.021094 0.027778
0 0.599219 0.475000 0.028125 0.038889
0 0.619141 0.453472 0.024219 0.031944
0 0.613672 0.640972 0.058594 0.090278
0 0.695312 0.546528 0.040625 0.054167
0 0.809766 0.792361 0.105469 0.148611
