1 0.073828 0.788889 0.146094 0.186111
0 0.370312 0.747917 0.078125 0.118056
0 0.303516 0.537500 0.044531 0.052778
0 0.358594 0.467361 0.031250 0.043056
0 0.384766 0.500000 0.032031 0.041667
0 0.430469 0.531250 0.035937 0.048611
0 0.439844 0.487500 0.025000 0.033333
0 0.413672 0.445139 0.021094 0.031944
0 0.391406 0.433333 0.020313 0.025000
0 0.413672 0.406250 0.016406 0.020833
0 0.434766 0.414583 0.016406 0.020833
0 0.458984 0.434028 0.017969 0.029167
0 0.465234 0.404167 0.016406 0.022222
0 0.451562 0.389583 0.012500 0.018056
0 0.531250 0.404167 0.015625 0.022222
0 0.555078 0.394444 0.013281 0.022222
0 0.610938 0.447222 0.023438 0.030556
0 0.619141 0.509028 0.033594 0.043056
0 0.639062 0.477083 0.029687 0.031944
0 0.756250 0.622917 0.057813 0.076389
0 0.676953 0.824306 0.094531 0.176389
