1 0.154297 0.689583 0.110156 0.131944
0 0.322656 0.515278 0.039062 0.047222
0 0.369141 0.456944 0.027344 0.038889
0 0.396875 0.480556 0.028125 0.036111
0 0.398438 0.426389 0.018750 0.025000
0 0.419922 0.434028 0.019531 0.026389
0 0.435937 0.512500 0.032813 0.044444
0 0.444141 0.472917 0.022656 0.031944
0 0.462109 0.425694 0.017969 0.026389
0 0.438672 0.406944 0.013281 0.019444
0 0.418750 0.400694 0.014063 0.020833
0 0.468359 0.400000 0.014844 0.019444
0 0.534766 0.420139 0.017969 0.026389
0 0.560547 0.405556 0.016406 0.025000
0 0.629687 0.469444 0.026562 0.033333
0 0.668359 0.513194 0.036719 0.043056
0 0.651172 0.563194 0.042969 0.059722
0 0.883203 0.774306 0.103906 0.126389
0 0.390625 0.673611 0.060937 0.091667
