1 0.207031 0.631944 0.087500 0.105556
0 0.405859 0.622917 0.052344 0.073611
0 0.336719 0.498611 0.034375 0.038889
0 0.378906 0.445833 0.026562 0.036111
0 0.405078 0.465972 0.025781 0.031944
0 0.440625 0.497222 0.029687 0.041667
0 0.448828 0.459722 0.024219 0.027778
0 0.424609 0.427083 0.019531 0.023611
0 0.404687 0.418056 0.017188 0.022222
0 0.464062 0.418750 0.017188 0.023611
0 0.540234 0.438889 0.019531 0.030556
0 0.567578 0.416667 0.017969 0.027778
0 0.653906 0.499306 0.032813 0.045833
0 0.708984 0.562500 0.047656 0.052778
0 0.703125 0.642361 0.064062 0.084722
