1 0.066797 0.811111 0.132031 0.227778
0 0.200391 0.824306 0.102344 0.126389
0 0.321094 0.861806 0.104688 0.173611
1 0.248047 0.587500 0.069531 0.091667
0 0.415625 0.581944 0.045312 0.063889
0 0.350781 0.481944 0.031250 0.036111
0 0.387891 0.436806 0.021094 0.037500
0 0.412500 0.452083 0.021875 0.029167
0 0.444922 0.479861 0.027344 0.034722
0 0.450781 0.449306 0.021875 0.026389
0 0.429688 0.418750 0.017188 0.023611
0 0.409766 0.412500 0.016406 0.022222
0 0.466406 0.413889 0.017188 0.025000
0 0.534766 0.401389 0.011719 0.019444
0 0.576953 0.433333 0.022656 0.033333
0 0.549219 0.470139 0.025000 0.037500
0 0.690234 0.545139 0.041406 0.059722
0 0.784766 0.654167 0.074219 0.086111
0 0.815625 0.828472 0.117188 0.159722
