1 0.131641 0.714583 0.130469 0.179167
0 0.260156 0.720139 0.076563 0.098611
0 0.355078 0.751389 0.082031 0.136111
1 0.276562 0.553472 0.059375 0.076389
0 0.360938 0.468056 0.028125 0.033333
0 0.423047 0.551389 0.041406 0.055556
0 0.395313 0.427778 0.021875 0.033333
0 0.417578 0.443056 0.021094 0.027778
0 0.449609 0.467361 0.024219 0.031944
0 0.454688 0.439583 0.020313 0.023611
0 0.433594 0.410417 0.015625 0.020833
0 0.413281 0.408333 0.015625 0.019444
0 0.467969 0.407639 0.015625 0.020833
0 0.539062 0.415278 0.015625 0.025000
0 0.589063 0.455556 0.025000 0.041667
0 0.562109 0.513889 0.032031 0.050000
0 0.740625 0.604861 0.056250 0.076389
0 0.923438 0.818056 0.125000 0.147222
