1 0.192969 0.643056 0.098437 0.144444
0 0.303906 0.644444 0.059375 0.075000
0 0.378516 0.674306 0.066406 0.109722
1 0.301563 0.527083 0.051562 0.068056
0 0.371875 0.455556 0.026562 0.027778
0 0.430859 0.526389 0.035156 0.050000
0 0.401562 0.420139 0.020313 0.031944
0 0.423047 0.434722 0.019531 0.025000
0 0.452734 0.454861 0.022656 0.029167
0 0.458594 0.430556 0.020313 0.022222
0 0.437500 0.406250 0.014063 0.020833
0 0.469922 0.402778 0.014844 0.019444
0 0.418359 0.402083 0.014844 0.018056
0 0.543359 0.437500 0.016406 0.027778
0 0.606250 0.485417 0.032813 0.054167
0 0.587109 0.594444 0.046094 0.072222
0 0.840234 0.736111 0.091406 0.130556
0 0.108594 0.936806 0.143750 0.126389
