0 0.173828 0.688194 0.096094 0.095833
0 0.247266 0.752778 0.085156 0.116667
0 0.354687 0.800000 0.089063 0.133333
0 0.296484 0.540972 0.044531 0.048611
0 0.391797 0.479861 0.028906 0.037500
0 0.374609 0.454167 0.024219 0.030556
0 0.456250 0.448611 0.020313 0.030556
0 0.397656 0.428472 0.018750 0.026389
0 0.409766 0.410417 0.014844 0.023611
0 0.432422 0.422917 0.019531 0.023611
0 0.463672 0.409028 0.017969 0.023611
0 0.539453 0.431250 0.019531 0.029167
0 0.562109 0.411111 0.014844 0.025000
0 0.601953 0.428472 0.017969 0.029167
0 0.551953 0.475000 0.022656 0.038889
1 0.653906 0.457639 0.068750 0.126389
0 0.675781 0.614583 0.051562 0.084722
0 0.851953 0.888889 0.138281 0.205556
