0 0.204687 0.804167 0.100000 0.125000
1 0.233984 0.597222 0.082031 0.113889
0 0.330469 0.596528 0.050000 0.068056
0 0.395313 0.625694 0.057813 0.090278
1 0.319531 0.505556 0.045312 0.061111
0 0.435547 0.509722 0.033594 0.044444
0 0.380469 0.446528 0.025000 0.029167
1 0.407813 0.414583 0.018750 0.029167
0 0.428125 0.425694 0.015625 0.020833
0 0.455469 0.446528 0.020313 0.031944
0 0.551562 0.465972 0.025000 0.037500
0 0.554297 0.400694 0.014844 0.023611
0 0.580469 0.402778 0.014063 0.022222
0 0.630469 0.529167 0.040625 0.069444
0 0.639844 0.763889 0.081250 0.141667
