0 0.347266 0.853472 0.091406 0.156944
0 0.266016 0.702083 0.072656 0.095833
1 0.266406 0.562500 0.070312 0.102778
0 0.351953 0.560417 0.041406 0.056944
0 0.408203 0.586111 0.049219 0.075000
1 0.336328 0.487500 0.039844 0.055556
0 0.440234 0.489583 0.028906 0.040278
0 0.388281 0.438194 0.021875 0.026389
1 0.412109 0.407639 0.016406 0.026389
0 0.432031 0.419444 0.015625 0.022222
0 0.459375 0.434722 0.018750 0.022222
0 0.560156 0.411111 0.015625 0.025000
0 0.589453 0.413889 0.016406 0.025000
0 0.566016 0.517361 0.027344 0.048611
0 0.676562 0.607639 0.059375 0.093056
