0 0.180469 0.865278 0.134375 0.169444
0 0.358984 0.775000 0.075781 0.116667
0 0.350391 0.554861 0.042969 0.054167
0 0.408984 0.625694 0.047656 0.076389
1 0.326172 0.493056 0.042969 0.069444
1 0.369531 0.450694 0.029687 0.043056
0 0.391797 0.490972 0.028906 0.037500
0 0.432422 0.507639 0.033594 0.048611
0 0.451172 0.452778 0.022656 0.030556
0 0.406250 0.415278 0.017188 0.022222
0 0.542188 0.450000 0.021875 0.036111
0 0.591797 0.471528 0.025781 0.043056
0 0.605078 0.435417 0.019531 0.031944
0 0.629297 0.463889 0.024219 0.036111
