0 0.090234 0.788889 0.110156 0.113889
0 0.324609 0.928472 0.108594 0.143056
0 0.256250 0.731944 0.092188 0.111111
0 0.381641 0.693750 0.060156 0.095833
0 0.419531 0.585417 0.040625 0.068056
0 0.366016 0.527778 0.038281 0.050000
1 0.342578 0.477778 0.039844 0.063889
1 0.378516 0.440972 0.027344 0.037500
0 0.400000 0.475694 0.025000 0.031944
0 0.437891 0.488889 0.030469 0.044444
0 0.411719 0.409028 0.015625 0.020833
0 0.454688 0.442361 0.020313 0.026389
0 0.553516 0.488889 0.027344 0.038889
0 0.620313 0.456944 0.025000 0.036111
0 0.615234 0.512500 0.032031 0.047222
0 0.655078 0.493750 0.030469 0.043056
