0 0.159375 0.704167 0.082812 0.091667
0 0.362109 0.810417 0.080469 0.134722
0 0.297656 0.651389 0.070312 0.083333
0 0.397266 0.637500 0.052344 0.075000
0 0.425391 0.557639 0.036719 0.059722
0 0.378906 0.507639 0.032813 0.043056
1 0.353125 0.465278 0.034375 0.058333
1 0.386328 0.433333 0.024219 0.038889
0 0.408594 0.462500 0.025000 0.030556
0 0.442188 0.473611 0.028125 0.038889
0 0.603516 0.431250 0.019531 0.029167
0 0.574609 0.552083 0.036719 0.056944
0 0.641797 0.481944 0.030469 0.044444
0 0.651172 0.573611 0.044531 0.069444
0 0.689844 0.534722 0.040625 0.052778
