0 0.125000 0.938194 0.151562 0.123611
0 0.387891 0.713889 0.064844 0.102778
0 0.210547 0.641667 0.063281 0.075000
0 0.329297 0.596528 0.055469 0.068056
0 0.410547 0.595833 0.044531 0.063889
0 0.390234 0.487500 0.028906 0.036111
0 0.431641 0.529167 0.032031 0.050000
1 0.364063 0.452083 0.032813 0.054167
1 0.392969 0.424306 0.025000 0.034722
0 0.415625 0.450000 0.020313 0.030556
0 0.446484 0.461806 0.027344 0.037500
0 0.459375 0.425000 0.017188 0.022222
1 0.537891 0.438889 0.022656 0.041667
0 0.619141 0.448611 0.022656 0.033333
0 0.568750 0.430556 0.015625 0.027778
0 0.594531 0.418750 0.015625 0.023611
0 0.673438 0.522222 0.039062 0.058333
0 0.749219 0.604861 0.059375 0.073611
0 0.726953 0.700000 0.074219 0.119444
0 0.625391 0.709028 0.064844 0.112500
