0 0.219531 0.796528 0.098437 0.123611
0 0.308203 0.943056 0.103906 0.113889
0 0.245703 0.600694 0.053906 0.062500
0 0.348828 0.558333 0.047656 0.055556
0 0.403906 0.648611 0.053125 0.080556
0 0.419531 0.561806 0.039062 0.056944
0 0.436719 0.506944 0.028125 0.044444
0 0.399609 0.474306 0.027344 0.034722
1 0.372656 0.443056 0.031250 0.050000
1 0.398828 0.417361 0.022656 0.031944
0 0.421094 0.440278 0.018750 0.025000
0 0.448828 0.450694 0.022656 0.034722
0 0.462109 0.417361 0.016406 0.020833
0 0.530078 0.402778 0.014844 0.019444
0 0.558594 0.408333 0.014063 0.019444
0 0.578125 0.398611 0.012500 0.019444
1 0.546484 0.469444 0.027344 0.050000
0 0.579688 0.452778 0.018750 0.033333
0 0.604297 0.431250 0.017969 0.026389
0 0.637500 0.470139 0.026562 0.040278
0 0.718359 0.573611 0.052344 0.075000
0 0.852734 0.724306 0.091406 0.118056
0 0.888672 0.940972 0.121094 0.118056
