0 0.352344 0.808333 0.079687 0.122222
0 0.278125 0.687500 0.071875 0.086111
0 0.416797 0.602778 0.046094 0.066667
0 0.275781 0.564583 0.045312 0.059722
0 0.365625 0.527778 0.040625 0.047222
0 0.425781 0.536111 0.031250 0.047222
0 0.441406 0.490972 0.025000 0.040278
0 0.407031 0.459028 0.023438 0.029167
1 0.381250 0.432639 0.028125 0.043056
1 0.404297 0.413889 0.021094 0.030556
0 0.425781 0.430556 0.017188 0.022222
0 0.452734 0.440278 0.019531 0.030556
0 0.532813 0.418056 0.017188 0.025000
0 0.567187 0.426389 0.015625 0.025000
0 0.585156 0.408333 0.014063 0.022222
1 0.562891 0.519444 0.038281 0.069444
0 0.596094 0.482639 0.025000 0.040278
0 0.618750 0.449306 0.021875 0.029167
0 0.664062 0.502083 0.032813 0.048611
0 0.799609 0.674306 0.080469 0.115278
