0 0.222656 0.629167 0.075000 0.077778
0 0.292969 0.669444 0.068750 0.088889
0 0.387500 0.686111 0.068750 0.097222
0 0.318359 0.515278 0.036719 0.044444
0 0.401562 0.462500 0.026562 0.033333
0 0.383203 0.445139 0.022656 0.029167
0 0.403516 0.420139 0.019531 0.026389
0 0.460156 0.435417 0.018750 0.026389
0 0.436719 0.415278 0.017188 0.025000
0 0.414844 0.405556 0.014063 0.022222
0 0.537500 0.415278 0.018750 0.036111
0 0.544531 0.453472 0.020313 0.031944
0 0.569531 0.427083 0.018750 0.029167
0 0.582422 0.403472 0.014844 0.020833
1 0.566406 0.369444 0.018750 0.044444
0 0.567969 0.523611 0.034375 0.052778
0 0.618359 0.447222 0.021094 0.033333
1 0.692187 0.495833 0.096875 0.166667
0 0.775000 0.779167 0.090625 0.144444
