0 0.378516 0.717361 0.064844 0.095833
0 0.314844 0.622917 0.056250 0.070833
0 0.297266 0.538194 0.039844 0.048611
0 0.378906 0.506250 0.037500 0.045833
0 0.425781 0.568056 0.040625 0.061111
0 0.433594 0.514583 0.032813 0.043056
0 0.445312 0.475000 0.023438 0.036111
1 0.389453 0.427083 0.027344 0.043056
0 0.413672 0.449306 0.022656 0.029167
1 0.409375 0.407639 0.020313 0.029167
0 0.430469 0.424306 0.017188 0.023611
0 0.455078 0.430556 0.019531 0.027778
0 0.466406 0.404861 0.014063 0.020833
0 0.537891 0.435417 0.019531 0.029167
0 0.576953 0.445833 0.019531 0.027778
0 0.621094 0.529861 0.032813 0.054167
0 0.635938 0.468750 0.025000 0.034722
1 0.587500 0.607639 0.053125 0.106944
0 0.700391 0.543056 0.042969 0.063889
0 0.942578 0.863194 0.114844 0.204167
