0 0.396875 0.650694 0.051562 0.081944
0 0.342187 0.575694 0.048438 0.059722
0 0.316406 0.514583 0.034375 0.040278
0 0.389844 0.486806 0.031250 0.037500
0 0.432422 0.540278 0.035156 0.050000
0 0.437891 0.495833 0.027344 0.041667
0 0.448437 0.462500 0.021875 0.033333
0 0.420312 0.438194 0.020313 0.026389
1 0.396094 0.420833 0.023438 0.041667
1 0.413281 0.400694 0.018750 0.026389
0 0.435156 0.416667 0.014063 0.019444
0 0.457813 0.422917 0.018750 0.023611
0 0.545312 0.464583 0.025000 0.037500
0 0.591797 0.475000 0.024219 0.038889
0 0.660547 0.499306 0.032031 0.043056
0 0.667188 0.611111 0.048438 0.077778
1 0.665234 0.856944 0.110156 0.247222
0 0.761328 0.617361 0.063281 0.093056
