0 0.064062 0.818056 0.117188 0.138889
0 0.410156 0.605556 0.043750 0.069444
0 0.361328 0.544444 0.041406 0.052778
0 0.330469 0.497917 0.031250 0.037500
0 0.397656 0.472917 0.029687 0.034722
0 0.437109 0.516667 0.030469 0.041667
0 0.441797 0.481944 0.024219 0.033333
1 0.401953 0.414583 0.022656 0.037500
1 0.417969 0.397222 0.018750 0.025000
0 0.424609 0.429167 0.017969 0.025000
0 0.451172 0.450000 0.019531 0.030556
0 0.460156 0.415972 0.018750 0.026389
0 0.556250 0.505556 0.031250 0.047222
0 0.618359 0.450694 0.021094 0.031944
0 0.614844 0.515972 0.032813 0.048611
0 0.694141 0.539583 0.042969 0.054167
0 0.755469 0.772222 0.085938 0.138889
0 0.861719 0.736806 0.096875 0.131944
