0 0.148438 0.712500 0.085938 0.102778
0 0.318359 0.885417 0.097656 0.154167
0 0.344141 0.481944 0.028906 0.036111
0 0.377734 0.516667 0.035156 0.041667
0 0.419531 0.568056 0.037500 0.055556
0 0.406250 0.459722 0.026562 0.030556
0 0.441797 0.499306 0.027344 0.037500
0 0.445703 0.467361 0.021094 0.031944
0 0.453125 0.442361 0.018750 0.026389
0 0.430859 0.421528 0.017969 0.023611
1 0.406641 0.408333 0.021094 0.033333
1 0.421875 0.393056 0.017188 0.027778
0 0.462891 0.409722 0.014844 0.025000
0 0.442578 0.404861 0.014844 0.020833
0 0.533594 0.415278 0.015625 0.025000
0 0.596094 0.420139 0.017188 0.026389
0 0.578516 0.579861 0.042969 0.068056
0 0.637891 0.475000 0.025781 0.038889
0 0.655859 0.590972 0.046094 0.070833
0 0.749219 0.605556 0.056250 0.072222
