0 0.202734 0.647222 0.066406 0.086111
0 0.358984 0.752778 0.071094 0.111111
0 0.355078 0.470833 0.025781 0.033333
0 0.388281 0.497222 0.028125 0.036111
0 0.426953 0.542361 0.033594 0.048611
0 0.412109 0.447917 0.024219 0.029167
0 0.446484 0.483333 0.025781 0.036111
0 0.450000 0.457639 0.018750 0.026389
0 0.457422 0.434028 0.014844 0.026389
1 0.411328 0.402778 0.019531 0.033333
1 0.426172 0.388889 0.014844 0.025000
0 0.433984 0.414583 0.013281 0.018056
0 0.466016 0.404861 0.013281 0.023611
0 0.540234 0.431250 0.017969 0.026389
0 0.559375 0.409722 0.014063 0.025000
1 0.576172 0.390972 0.014844 0.029167
0 0.590234 0.418750 0.014844 0.023611
0 0.606641 0.434028 0.021094 0.031944
0 0.662109 0.503472 0.030469 0.045833
0 0.623047 0.730556 0.074219 0.125000
0 0.735547 0.731944 0.078906 0.119444
0 0.834766 0.709028 0.083594 0.109722
