0 0.046094 0.900000 0.090625 0.158333
1 0.205078 0.802083 0.107031 0.179167
0 0.385156 0.661111 0.054688 0.083333
0 0.244922 0.596528 0.055469 0.070833
0 0.433203 0.520833 0.032031 0.047222
0 0.399219 0.479861 0.028125 0.034722
0 0.366016 0.457639 0.024219 0.029167
0 0.419141 0.439583 0.022656 0.029167
0 0.449609 0.472222 0.022656 0.030556
0 0.547266 0.455556 0.022656 0.036111
0 0.567578 0.425694 0.019531 0.026389
1 0.582422 0.398611 0.017969 0.030556
0 0.601172 0.432639 0.017969 0.023611
0 0.622266 0.454167 0.025781 0.036111
0 0.698438 0.547917 0.040625 0.056944
