0 0.119141 0.766667 0.102344 0.116667
1 0.268750 0.686111 0.073438 0.133333
0 0.402344 0.606250 0.045312 0.065278
0 0.274609 0.562500 0.046094 0.061111
0 0.375391 0.449306 0.022656 0.029167
0 0.406641 0.466667 0.025781 0.030556
0 0.437891 0.501389 0.025781 0.038889
0 0.423047 0.430556 0.019531 0.025000
0 0.453906 0.459722 0.021875 0.027778
0 0.454688 0.438889 0.017188 0.025000
1 0.420312 0.394444 0.017188 0.030556
0 0.441406 0.402778 0.012500 0.016667
0 0.461328 0.417361 0.013281 0.020833
1 0.589063 0.407639 0.018750 0.034722
0 0.577734 0.444444 0.021094 0.033333
0 0.558984 0.488194 0.027344 0.043056
0 0.614453 0.450000 0.022656 0.030556
0 0.641016 0.477778 0.028906 0.041667
0 0.751172 0.613889 0.055469 0.075000
