1 0.114453 0.903472 0.186719 0.193056
0 0.189844 0.679861 0.076563 0.087500
0 0.337500 0.904861 0.106250 0.165278
1 0.312109 0.610417 0.057031 0.098611
0 0.300000 0.532639 0.039062 0.051389
0 0.415234 0.563889 0.039844 0.052778
0 0.383594 0.438889 0.020313 0.025000
0 0.413281 0.453472 0.021875 0.026389
0 0.442188 0.485417 0.025000 0.034722
0 0.428516 0.421528 0.021094 0.026389
1 0.424609 0.389583 0.016406 0.029167
0 0.456641 0.450000 0.019531 0.030556
1 0.598828 0.420833 0.021094 0.038889
0 0.578906 0.542361 0.035937 0.056944
0 0.594531 0.476389 0.026562 0.044444
0 0.633203 0.475694 0.027344 0.037500
0 0.671094 0.514583 0.039062 0.054167
0 0.855078 0.739583 0.088281 0.123611
