1 0.213281 0.769444 0.125000 0.175000
0 0.373437 0.767361 0.076563 0.115278
0 0.235547 0.623611 0.060156 0.072222
1 0.340625 0.564583 0.046875 0.079167
0 0.318359 0.511111 0.036719 0.044444
0 0.425391 0.535417 0.035156 0.045833
0 0.391016 0.431944 0.019531 0.025000
0 0.418750 0.444444 0.018750 0.025000
0 0.445312 0.473611 0.021875 0.030556
0 0.459375 0.441667 0.018750 0.025000
0 0.433203 0.415972 0.017969 0.023611
1 0.610156 0.434722 0.025000 0.044444
0 0.618750 0.515972 0.032813 0.054167
0 0.658203 0.504861 0.033594 0.045833
0 0.612891 0.636111 0.049219 0.088889
0 0.711328 0.561806 0.049219 0.070833
