1 0.278125 0.663194 0.084375 0.123611
0 0.271484 0.575000 0.049219 0.052778
0 0.398438 0.672917 0.059375 0.084722
1 0.363281 0.528472 0.039062 0.068056
0 0.335156 0.493750 0.031250 0.037500
0 0.432812 0.511806 0.029687 0.043056
0 0.397656 0.423611 0.017188 0.022222
0 0.423828 0.434028 0.019531 0.023611
0 0.448437 0.462500 0.020313 0.030556
0 0.437109 0.409722 0.014844 0.019444
1 0.431250 0.382639 0.015625 0.026389
0 0.461719 0.434722 0.017188 0.022222
0 0.464453 0.415972 0.013281 0.020833
0 0.537500 0.419444 0.015625 0.022222
0 0.569141 0.418056 0.016406 0.027778
1 0.627344 0.453472 0.029687 0.051389
0 0.695703 0.552083 0.044531 0.056944
0 0.663281 0.590278 0.050000 0.077778
0 0.783594 0.648611 0.073438 0.102778
0 0.705078 0.893056 0.103906 0.200000
1 0.074219 0.778472 0.142187 0.379167
