0 0.056641 0.807639 0.111719 0.145833
0 0.301953 0.944444 0.114844 0.111111
0 0.258203 0.587500 0.061719 0.066667
0 0.321484 0.612500 0.057031 0.072222
0 0.405469 0.618750 0.056250 0.076389
0 0.335156 0.496528 0.032813 0.037500
0 0.389062 0.436111 0.020313 0.025000
0 0.410156 0.450000 0.025000 0.027778
0 0.408594 0.413889 0.017188 0.022222
0 0.463281 0.424306 0.015625 0.023611
0 0.441016 0.409722 0.016406 0.025000
1 0.569531 0.374306 0.023438 0.051389
0 0.529687 0.392361 0.015625 0.023611
0 0.546094 0.384722 0.012500 0.022222
0 0.543750 0.428472 0.020313 0.037500
0 0.554297 0.484722 0.025781 0.041667
0 0.582031 0.447917 0.023438 0.034722
0 0.591016 0.415972 0.017969 0.023611
0 0.592969 0.602778 0.048438 0.075000
0 0.638672 0.471528 0.025781 0.037500
1 0.750000 0.551389 0.148438 0.225000
