1 0.100000 0.761111 0.198437 0.436111
1 0.316797 0.596528 0.064844 0.098611
0 0.296094 0.546528 0.042188 0.051389
0 0.412891 0.618056 0.049219 0.075000
1 0.377344 0.502083 0.034375 0.059722
0 0.347656 0.477778 0.028125 0.038889
0 0.438672 0.492361 0.027344 0.037500
0 0.403125 0.418750 0.017188 0.020833
0 0.428125 0.428472 0.015625 0.023611
0 0.451172 0.450000 0.017969 0.025000
0 0.543359 0.440278 0.017969 0.030556
0 0.577734 0.434722 0.019531 0.033333
1 0.646484 0.476389 0.035156 0.061111
0 0.752344 0.622222 0.062500 0.080556
0 0.749219 0.733333 0.085938 0.138889
0 0.914844 0.804861 0.126562 0.179167
0 0.266406 0.949306 0.118750 0.101389
