1 0.123047 0.681944 0.242969 0.352778
0 0.330469 0.803472 0.087500 0.129167
1 0.344531 0.551389 0.054688 0.077778
0 0.315234 0.521528 0.033594 0.048611
0 0.423828 0.572222 0.041406 0.061111
0 0.359766 0.466667 0.027344 0.036111
1 0.390625 0.480556 0.028125 0.050000
0 0.443750 0.477083 0.023438 0.034722
0 0.453516 0.440972 0.019531 0.026389
0 0.432422 0.420833 0.016406 0.025000
0 0.407031 0.413194 0.015625 0.020833
0 0.551953 0.465972 0.024219 0.034722
0 0.591797 0.459722 0.025781 0.044444
1 0.678125 0.513889 0.045312 0.077778
0 0.865234 0.763889 0.103906 0.136111
