1 0.183203 0.626389 0.194531 0.277778
1 0.074219 0.866667 0.146875 0.266667
0 0.365625 0.699306 0.065625 0.101389
1 0.366797 0.520833 0.044531 0.066667
0 0.332422 0.502083 0.028906 0.040278
0 0.430469 0.543056 0.032813 0.050000
0 0.368750 0.454861 0.023438 0.031944
0 0.400781 0.466667 0.025000 0.038889
0 0.446875 0.464583 0.021875 0.031944
0 0.456250 0.434028 0.017188 0.023611
0 0.412891 0.407639 0.013281 0.018056
0 0.571094 0.426389 0.017188 0.025000
0 0.564063 0.506250 0.029687 0.045833
0 0.611328 0.491667 0.032031 0.058333
1 0.721094 0.564583 0.060937 0.101389
