1 0.125781 0.794444 0.246875 0.411111
1 0.227344 0.555556 0.150000 0.177778
0 0.389844 0.623611 0.050000 0.072222
0 0.348828 0.484028 0.030469 0.040278
1 0.384375 0.493750 0.037500 0.056944
0 0.436328 0.515972 0.030469 0.043056
0 0.377734 0.445139 0.021094 0.029167
0 0.409766 0.453472 0.022656 0.034722
0 0.450781 0.452083 0.020313 0.026389
0 0.417578 0.403472 0.013281 0.020833
0 0.439844 0.409722 0.014063 0.019444
0 0.459375 0.425694 0.015625 0.020833
0 0.542969 0.434722 0.021875 0.036111
0 0.582031 0.447917 0.021875 0.026389
0 0.587891 0.577778 0.041406 0.066667
0 0.646094 0.552778 0.045312 0.072222
1 0.801172 0.655556 0.094531 0.150000
