1 0.150000 0.763194 0.295312 0.473611
1 0.263281 0.513194 0.114062 0.129167
1 0.933203 0.825000 0.133594 0.255556
0 0.326172 0.894444 0.099219 0.166667
0 0.406250 0.577778 0.043750 0.058333
0 0.359766 0.470833 0.027344 0.036111
1 0.396094 0.475000 0.034375 0.050000
0 0.385937 0.436806 0.020313 0.029167
0 0.441797 0.498611 0.028906 0.038889
1 0.416797 0.440972 0.021094 0.037500
0 0.454297 0.443056 0.019531 0.027778
0 0.462109 0.418056 0.013281 0.022222
0 0.442578 0.405556 0.014844 0.019444
0 0.421875 0.399306 0.014063 0.018056
0 0.550391 0.457639 0.025781 0.040278
0 0.539844 0.423611 0.018750 0.025000
0 0.601172 0.426389 0.017969 0.025000
0 0.597266 0.473611 0.025781 0.036111
0 0.707422 0.652083 0.069531 0.118056
0 0.633594 0.707639 0.065625 0.112500
