1 0.198047 0.699306 0.278906 0.437500
1 0.296094 0.495833 0.087500 0.122222
0 0.369141 0.743056 0.071094 0.111111
0 0.418359 0.543056 0.036719 0.050000
0 0.369922 0.458333 0.025781 0.033333
1 0.406250 0.459028 0.029687 0.045833
0 0.445312 0.481944 0.026562 0.036111
1 0.423047 0.431250 0.019531 0.037500
0 0.393359 0.429167 0.019531 0.025000
0 0.457031 0.432639 0.018750 0.023611
0 0.546094 0.444444 0.021875 0.033333
0 0.561328 0.493750 0.028906 0.054167
0 0.618359 0.445833 0.021094 0.030556
0 0.623828 0.516667 0.035156 0.047222
0 0.877344 0.901389 0.156250 0.197222
