1 0.264844 0.602778 0.195312 0.333333
0 0.394141 0.656250 0.057031 0.084722
0 0.426953 0.518056 0.032031 0.047222
0 0.377734 0.447917 0.021094 0.029167
1 0.413672 0.446528 0.027344 0.043056
0 0.448437 0.469444 0.021875 0.033333
0 0.398438 0.422917 0.017188 0.026389
1 0.426953 0.422222 0.016406 0.030556
0 0.458984 0.425000 0.016406 0.025000
0 0.555078 0.472917 0.024219 0.040278
0 0.577734 0.430556 0.019531 0.027778
0 0.580078 0.548611 0.039844 0.075000
0 0.640625 0.472222 0.026562 0.036111
0 0.662891 0.577778 0.046094 0.063889
