1 0.308984 0.561111 0.146094 0.255556
0 0.411719 0.597222 0.046875 0.066667
0 0.433594 0.497222 0.028125 0.041667
0 0.386328 0.439583 0.019531 0.029167
0 0.403516 0.415278 0.016406 0.025000
0 0.421094 0.433333 0.023438 0.036111
0 0.453125 0.456250 0.020313 0.029167
0 0.461719 0.418056 0.015625 0.022222
0 0.432812 0.415278 0.015625 0.025000
0 0.468750 0.400694 0.012500 0.015278
0 0.551953 0.395139 0.013281 0.020833
0 0.578516 0.396528 0.014844 0.020833
0 0.596094 0.454167 0.023438 0.033333
0 0.570703 0.513889 0.030469 0.050000
0 0.617578 0.657639 0.063281 0.120833
0 0.675781 0.515278 0.034375 0.044444
0 0.746875 0.710417 0.078125 0.106944
