1 0.335547 0.520833 0.107031 0.219444
0 0.096875 0.778472 0.110937 0.120833
0 0.171094 0.909722 0.126562 0.166667
0 0.274219 0.559028 0.023438 0.054167
0 0.422266 0.558333 0.039844 0.052778
0 0.438672 0.482639 0.027344 0.037500
0 0.393750 0.432639 0.018750 0.026389
0 0.408984 0.409722 0.014844 0.022222
0 0.426172 0.425694 0.022656 0.031944
0 0.435937 0.409028 0.014063 0.026389
0 0.455469 0.447222 0.020313 0.030556
0 0.462891 0.413194 0.014844 0.023611
0 0.556641 0.406250 0.014844 0.023611
0 0.585938 0.405556 0.017188 0.025000
0 0.620313 0.488194 0.029687 0.040278
0 0.593750 0.578472 0.043750 0.073611
0 0.729297 0.578472 0.047656 0.062500
0 0.704297 0.886806 0.121094 0.218056
