0 0.172266 0.687500 0.080469 0.088889
0 0.251563 0.754167 0.087500 0.108333
0 0.355078 0.818056 0.077344 0.122222
0 0.302344 0.529861 0.025000 0.048611
1 0.354297 0.493056 0.088281 0.175000
0 0.400781 0.423611 0.012500 0.027778
0 0.432031 0.526389 0.035937 0.044444
0 0.443750 0.465972 0.023438 0.031944
0 0.431641 0.418750 0.021094 0.031944
0 0.458594 0.437500 0.018750 0.025000
0 0.413281 0.404861 0.014063 0.020833
0 0.465625 0.405556 0.014063 0.019444
0 0.530078 0.394444 0.013281 0.019444
0 0.564453 0.419444 0.016406 0.025000
0 0.598437 0.420139 0.018750 0.026389
0 0.660156 0.537500 0.043750 0.052778
0 0.643750 0.717361 0.070312 0.126389
0 0.840625 0.713889 0.082812 0.111111
