0 0.131250 0.708333 0.104688 0.113889
0 0.287500 0.554167 0.051562 0.052778
0 0.345703 0.572917 0.046094 0.062500
0 0.419531 0.568750 0.043750 0.062500
0 0.350000 0.479861 0.031250 0.034722
0 0.396875 0.427778 0.018750 0.027778
0 0.417187 0.439583 0.021875 0.029167
0 0.413672 0.407639 0.016406 0.018056
0 0.445312 0.402083 0.014063 0.020833
0 0.466406 0.415972 0.015625 0.020833
0 0.533594 0.404167 0.017188 0.022222
0 0.549609 0.391667 0.013281 0.022222
1 0.574609 0.377778 0.025781 0.058333
0 0.551172 0.454861 0.027344 0.045833
0 0.602344 0.429861 0.020313 0.031944
0 0.596875 0.479167 0.026562 0.041667
0 0.569141 0.535417 0.033594 0.056944
0 0.669141 0.506250 0.032031 0.043056
1 0.867969 0.677083 0.264062 0.395833
0 0.660156 0.796528 0.092188 0.154167
0 0.355469 0.800694 0.082812 0.137500
