0 0.221094 0.631250 0.065625 0.076389
0 0.296875 0.669444 0.065625 0.086111
0 0.386328 0.704167 0.057031 0.094444
0 0.323437 0.508333 0.026562 0.044444
1 0.370703 0.473611 0.075781 0.155556
0 0.439063 0.505556 0.029687 0.041667
0 0.446484 0.456944 0.022656 0.030556
1 0.435156 0.411111 0.018750 0.030556
0 0.460938 0.429861 0.015625 0.020833
0 0.467969 0.401389 0.012500 0.019444
0 0.417187 0.398611 0.012500 0.019444
0 0.533594 0.407639 0.015625 0.023611
0 0.574219 0.436806 0.018750 0.029167
0 0.612500 0.438194 0.021875 0.031944
0 0.725391 0.621528 0.061719 0.076389
