0 0.259375 0.586111 0.053125 0.066667
0 0.330469 0.610417 0.051562 0.070833
0 0.406250 0.625000 0.043750 0.072222
0 0.340625 0.489583 0.025000 0.037500
1 0.384766 0.456250 0.067969 0.134722
0 0.444922 0.484722 0.027344 0.036111
1 0.439844 0.404861 0.017188 0.026389
0 0.422266 0.395139 0.013281 0.018056
0 0.449609 0.445833 0.019531 0.027778
0 0.464453 0.420833 0.014844 0.022222
0 0.537891 0.422917 0.017969 0.026389
0 0.586719 0.463194 0.023438 0.034722
0 0.634766 0.461806 0.028906 0.043056
0 0.875391 0.809028 0.124219 0.145833
