0 0.286719 0.550694 0.043750 0.056944
0 0.351953 0.569444 0.042969 0.058333
0 0.419531 0.575000 0.037500 0.055556
0 0.449219 0.469444 0.025000 0.033333
0 0.452734 0.436111 0.019531 0.025000
0 0.354297 0.474306 0.025781 0.031944
1 0.394531 0.443750 0.060937 0.120833
1 0.442969 0.400000 0.017188 0.027778
0 0.466406 0.415278 0.015625 0.022222
0 0.470703 0.393056 0.011719 0.016667
0 0.544531 0.445139 0.018750 0.029167
0 0.563672 0.413889 0.013281 0.022222
0 0.582031 0.407639 0.014063 0.020833
0 0.607422 0.499306 0.027344 0.048611
0 0.664453 0.495833 0.035156 0.052778
