0 0.180859 0.872222 0.130469 0.163889
0 0.308203 0.523611 0.038281 0.047222
0 0.369922 0.538889 0.038281 0.050000
0 0.428516 0.538194 0.032031 0.048611
0 0.365625 0.459722 0.021875 0.030556
1 0.402344 0.431944 0.051562 0.113889
0 0.452344 0.458333 0.021875 0.033333
0 0.455859 0.427778 0.017969 0.022222
1 0.446094 0.395833 0.015625 0.025000
0 0.430078 0.387500 0.008594 0.016667
0 0.468750 0.409722 0.014063 0.022222
0 0.533594 0.404167 0.014063 0.022222
0 0.527344 0.381250 0.009375 0.020833
0 0.559766 0.398611 0.014844 0.019444
0 0.569922 0.387500 0.011719 0.019444
0 0.571484 0.429167 0.017969 0.025000
0 0.554297 0.479167 0.024219 0.041667
0 0.594141 0.422222 0.017969 0.025000
0 0.641797 0.562500 0.041406 0.063889
0 0.713672 0.555556 0.049219 0.077778
1 0.039062 0.879861 0.076563 0.176389
