1 0.106641 0.752083 0.113281 0.131944
0 0.307422 0.935417 0.116406 0.129167
0 0.253516 0.742361 0.089844 0.120833
0 0.326953 0.504861 0.030469 0.040278
0 0.382031 0.513889 0.032813 0.044444
0 0.435937 0.510417 0.028125 0.043056
0 0.373828 0.450000 0.022656 0.030556
1 0.411328 0.422222 0.049219 0.100000
0 0.455859 0.447917 0.021094 0.026389
0 0.459375 0.420833 0.017188 0.025000
0 0.448828 0.390972 0.014844 0.020833
0 0.468750 0.404167 0.014063 0.019444
0 0.537500 0.417361 0.015625 0.026389
0 0.568359 0.408333 0.013281 0.022222
0 0.582422 0.448611 0.021094 0.030556
0 0.607812 0.440278 0.021875 0.027778
0 0.569531 0.526389 0.031250 0.055556
0 0.703906 0.672917 0.065625 0.109722
0 0.793359 0.647917 0.072656 0.115278
