1 0.182812 0.666667 0.085938 0.102778
0 0.361328 0.781944 0.080469 0.125000
0 0.301563 0.652083 0.067187 0.093056
0 0.342578 0.488194 0.028906 0.040278
0 0.392969 0.493750 0.029687 0.040278
0 0.442188 0.490278 0.025000 0.038889
0 0.382422 0.440278 0.019531 0.027778
1 0.417578 0.413194 0.041406 0.093056
0 0.458984 0.437500 0.019531 0.025000
0 0.461328 0.413889 0.014844 0.019444
1 0.450781 0.388194 0.014063 0.023611
0 0.471484 0.400000 0.013281 0.019444
0 0.532813 0.400000 0.014063 0.025000
0 0.544922 0.439583 0.017969 0.031944
0 0.580469 0.425694 0.017188 0.026389
0 0.597266 0.477083 0.025781 0.037500
0 0.629297 0.465972 0.027344 0.034722
0 0.599219 0.620833 0.046875 0.088889
0 0.874219 0.927778 0.129688 0.144444
0 0.955469 0.869444 0.089063 0.205556
