1 0.232422 0.609028 0.066406 0.081944
0 0.330469 0.600694 0.056250 0.073611
0 0.390625 0.677778 0.060937 0.088889
0 0.354297 0.471528 0.025781 0.031944
0 0.400391 0.477778 0.025781 0.033333
0 0.446094 0.472222 0.021875 0.030556
0 0.389844 0.432639 0.020313 0.026389
1 0.423438 0.404167 0.037500 0.083333
0 0.460547 0.429861 0.016406 0.023611
0 0.462500 0.409028 0.015625 0.020833
0 0.537109 0.412500 0.014844 0.027778
0 0.553125 0.465972 0.023438 0.040278
0 0.595313 0.443750 0.023438 0.029167
0 0.618359 0.516667 0.033594 0.047222
0 0.658984 0.502778 0.033594 0.044444
0 0.668750 0.831250 0.087500 0.184722
