1 0.270703 0.566667 0.053906 0.069444
0 0.353516 0.561111 0.047656 0.063889
0 0.411719 0.604167 0.046875 0.066667
0 0.365234 0.459028 0.024219 0.029167
0 0.408984 0.463889 0.024219 0.033333
0 0.451172 0.458333 0.019531 0.030556
0 0.395703 0.425000 0.016406 0.022222
1 0.428516 0.398611 0.036719 0.077778
0 0.462500 0.421528 0.017188 0.020833
0 0.542578 0.429167 0.017969 0.033333
0 0.601562 0.429861 0.018750 0.026389
0 0.561328 0.404167 0.013281 0.025000
0 0.567187 0.509722 0.029687 0.055556
0 0.617969 0.471528 0.029687 0.034722
0 0.656641 0.584028 0.046094 0.065278
0 0.707031 0.561111 0.046875 0.058333
