1 0.297656 0.533333 0.045312 0.061111
0 0.370703 0.531250 0.038281 0.054167
0 0.424609 0.559722 0.039844 0.055556
0 0.374609 0.448611 0.021094 0.027778
0 0.414453 0.452778 0.022656 0.027778
0 0.455469 0.444444 0.018750 0.027778
0 0.400391 0.418056 0.016406 0.025000
1 0.433203 0.392361 0.033594 0.068056
0 0.466016 0.413889 0.013281 0.022222
0 0.467187 0.397222 0.012500 0.019444
0 0.531250 0.392361 0.014063 0.023611
1 0.549609 0.451389 0.019531 0.038889
0 0.568359 0.415972 0.016406 0.029167
0 0.614062 0.445139 0.021875 0.029167
0 0.589063 0.578472 0.040625 0.084722
0 0.650391 0.509722 0.036719 0.050000
0 0.723437 0.700694 0.075000 0.109722
0 0.789062 0.665278 0.076563 0.100000
