0 0.331641 0.851389 0.089844 0.136111
1 0.320312 0.509722 0.037500 0.050000
0 0.384375 0.506944 0.035937 0.047222
0 0.436328 0.522917 0.033594 0.043056
0 0.382422 0.437500 0.019531 0.027778
0 0.421094 0.441667 0.020313 0.025000
0 0.458594 0.435417 0.017188 0.026389
1 0.437109 0.388889 0.030469 0.072222
0 0.467969 0.409722 0.014063 0.022222
0 0.535156 0.404861 0.015625 0.029167
0 0.579297 0.434028 0.019531 0.034722
0 0.594141 0.415972 0.017969 0.023611
1 0.561328 0.486111 0.028906 0.055556
0 0.632812 0.467361 0.026562 0.034722
0 0.704688 0.577778 0.053125 0.063889
0 0.640625 0.738194 0.071875 0.148611
0 0.955469 0.902778 0.089063 0.166667
0 0.887500 0.950694 0.121875 0.098611
