0 0.122266 0.947222 0.146094 0.105556
0 0.386719 0.695833 0.062500 0.097222
0 0.187500 0.647222 0.079687 0.091667
0 0.308984 0.528472 0.044531 0.054167
0 0.363672 0.543056 0.039844 0.052778
0 0.362109 0.466667 0.027344 0.033333
0 0.430078 0.534028 0.036719 0.056944
0 0.401562 0.420139 0.018750 0.023611
0 0.423047 0.429167 0.019531 0.025000
0 0.417969 0.404167 0.014063 0.019444
0 0.448047 0.396528 0.011719 0.020833
0 0.468750 0.407639 0.015625 0.020833
0 0.536719 0.416667 0.018750 0.030556
0 0.553906 0.400000 0.015625 0.022222
1 0.582031 0.387500 0.031250 0.063889
0 0.616016 0.447917 0.022656 0.031944
0 0.560547 0.486111 0.030469 0.055556
0 0.621484 0.522917 0.035156 0.051389
0 0.712891 0.559722 0.046094 0.058333
0 0.595703 0.621528 0.047656 0.087500
1 0.920312 0.756250 0.159375 0.420833
