1 0.068750 0.795139 0.135937 0.173611
1 0.078906 0.941667 0.156250 0.116667
0 0.368359 0.728472 0.067969 0.101389
1 0.337109 0.490278 0.033594 0.047222
0 0.394922 0.487500 0.032031 0.041667
0 0.443359 0.497917 0.028906 0.037500
0 0.388672 0.429861 0.017969 0.023611
0 0.425781 0.433333 0.017188 0.022222
0 0.460547 0.426389 0.013281 0.022222
0 0.410547 0.409028 0.014844 0.018056
0 0.441016 0.383333 0.028906 0.063889
0 0.469141 0.404167 0.013281 0.019444
0 0.539062 0.417361 0.017188 0.031944
1 0.592187 0.459028 0.023438 0.043056
0 0.605469 0.430556 0.017188 0.027778
1 0.577344 0.535417 0.037500 0.073611
0 0.657031 0.498611 0.031250 0.044444
0 0.800781 0.695139 0.087500 0.109722
