1 0.166406 0.841667 0.160938 0.233333
1 0.158203 0.682639 0.103906 0.129167
0 0.392188 0.644444 0.053125 0.077778
1 0.351953 0.468750 0.028906 0.040278
0 0.402734 0.473611 0.027344 0.038889
0 0.449609 0.475000 0.024219 0.033333
0 0.394922 0.422917 0.016406 0.023611
0 0.430859 0.425694 0.016406 0.023611
0 0.463281 0.419444 0.015625 0.019444
0 0.415625 0.403472 0.014063 0.018056
1 0.444531 0.379861 0.026562 0.059722
1 0.545703 0.436111 0.024219 0.036111
0 0.580078 0.399306 0.014844 0.026389
0 0.620703 0.448611 0.022656 0.033333
1 0.612891 0.495833 0.032031 0.061111
1 0.608594 0.636111 0.056250 0.116667
0 0.694141 0.544444 0.042969 0.055556
