0 0.316406 0.922917 0.121875 0.154167
1 0.239063 0.726389 0.114062 0.169444
1 0.216016 0.616667 0.080469 0.094444
0 0.407813 0.589583 0.043750 0.062500
1 0.364063 0.457639 0.028125 0.037500
0 0.410156 0.459028 0.026562 0.031944
0 0.453125 0.459028 0.020313 0.029167
0 0.401172 0.415972 0.014844 0.020833
0 0.435156 0.417361 0.014063 0.020833
0 0.465625 0.413889 0.014063 0.022222
1 0.447266 0.375000 0.025781 0.055556
0 0.533203 0.400000 0.014844 0.019444
0 0.562109 0.416667 0.014844 0.022222
0 0.587500 0.408333 0.015625 0.027778
0 0.553516 0.462500 0.025781 0.047222
1 0.643359 0.551389 0.042969 0.077778
0 0.638281 0.470833 0.028125 0.038889
1 0.678516 0.845139 0.102344 0.237500
0 0.749219 0.615278 0.060937 0.077778
