0 0.054297 0.873611 0.107031 0.161111
0 0.363672 0.770139 0.088281 0.143056
1 0.289453 0.647917 0.083594 0.134722
1 0.260937 0.572222 0.062500 0.083333
0 0.419531 0.549306 0.037500 0.054167
1 0.373828 0.446528 0.022656 0.034722
0 0.416797 0.449306 0.022656 0.034722
0 0.457422 0.444444 0.017969 0.027778
1 0.450000 0.372222 0.025000 0.052778
0 0.406250 0.411111 0.015625 0.019444
0 0.423438 0.395833 0.014063 0.016667
0 0.438672 0.411111 0.014844 0.016667
0 0.466797 0.407639 0.013281 0.018056
0 0.536719 0.413889 0.017188 0.025000
0 0.571875 0.435417 0.020313 0.029167
1 0.596484 0.420833 0.017969 0.033333
0 0.566797 0.503472 0.033594 0.062500
0 0.666016 0.501389 0.035156 0.047222
1 0.708984 0.667361 0.069531 0.131944
0 0.862109 0.754167 0.102344 0.130556
