0 0.133203 0.743056 0.102344 0.108333
0 0.389844 0.677778 0.067187 0.105556
1 0.319531 0.595833 0.068750 0.108333
1 0.291016 0.536111 0.050781 0.066667
0 0.427734 0.521528 0.030469 0.045833
1 0.382422 0.438194 0.022656 0.031944
0 0.421875 0.439583 0.020313 0.031944
0 0.460156 0.434028 0.018750 0.023611
0 0.410547 0.406944 0.013281 0.022222
0 0.443359 0.406250 0.013281 0.020833
0 0.468750 0.402083 0.012500 0.018056
0 0.426172 0.394444 0.013281 0.019444
1 0.452734 0.368056 0.021094 0.050000
0 0.542188 0.431944 0.018750 0.027778
0 0.584766 0.461111 0.024219 0.033333
0 0.608594 0.434722 0.021875 0.036111
0 0.590234 0.565278 0.049219 0.086111
0 0.704297 0.547222 0.047656 0.061111
1 0.863672 0.898611 0.147656 0.202778
