0 0.179297 0.878472 0.119531 0.165278
0 0.203906 0.660417 0.075000 0.090278
0 0.408594 0.611111 0.053125 0.088889
1 0.342578 0.554167 0.057031 0.088889
1 0.315625 0.510417 0.042188 0.059722
0 0.434766 0.495833 0.027344 0.041667
1 0.390234 0.428472 0.021094 0.029167
0 0.426953 0.429167 0.019531 0.027778
0 0.462891 0.425000 0.016406 0.022222
0 0.414453 0.400000 0.011719 0.019444
0 0.446875 0.399306 0.012500 0.018056
1 0.455859 0.366667 0.021094 0.047222
0 0.470313 0.398611 0.010937 0.019444
0 0.530078 0.402083 0.013281 0.020833
0 0.562891 0.418750 0.014844 0.020833
0 0.550781 0.457639 0.025000 0.034722
0 0.604688 0.497917 0.029687 0.040278
1 0.623828 0.453472 0.025781 0.043056
0 0.637109 0.702083 0.075781 0.154167
0 0.771094 0.629167 0.067187 0.088889
