0 0.250391 0.748611 0.086719 0.122222
0 0.247266 0.602778 0.058594 0.075000
1 0.359375 0.528472 0.046875 0.079167
1 0.333984 0.492361 0.038281 0.054167
0 0.421094 0.565278 0.046875 0.069444
0 0.439844 0.476389 0.026562 0.036111
0 0.396484 0.422222 0.019531 0.030556
0 0.431641 0.422222 0.017969 0.027778
0 0.464453 0.417361 0.016406 0.020833
1 0.457031 0.363889 0.020313 0.044444
0 0.417969 0.396528 0.010937 0.018056
0 0.432422 0.385417 0.011719 0.015278
0 0.449609 0.396528 0.013281 0.015278
0 0.471875 0.393750 0.010937 0.018056
0 0.533203 0.415278 0.016406 0.025000
0 0.571094 0.435417 0.017188 0.029167
0 0.596484 0.422222 0.016406 0.027778
0 0.562500 0.492361 0.031250 0.045833
1 0.643750 0.476389 0.032813 0.052778
0 0.638281 0.556944 0.040625 0.061111
0 0.885938 0.767361 0.112500 0.154167
