0 0.296875 0.661806 0.064062 0.090278
0 0.283984 0.564583 0.049219 0.062500
1 0.348438 0.475000 0.032813 0.050000
1 0.374609 0.505556 0.041406 0.069444
0 0.430078 0.530556 0.039844 0.055556
1 0.402344 0.415278 0.017188 0.027778
0 0.444531 0.460417 0.021875 0.031944
0 0.434375 0.415278 0.017188 0.022222
0 0.466797 0.409722 0.013281 0.019444
0 0.539453 0.433333 0.017969 0.027778
0 0.583594 0.458333 0.020313 0.030556
0 0.608594 0.437500 0.018750 0.027778
0 0.585938 0.411111 0.017188 0.025000
0 0.583984 0.556250 0.042969 0.065278
1 0.675391 0.513889 0.041406 0.066667
0 0.706250 0.680556 0.067187 0.100000
