0 0.037500 0.892361 0.073438 0.134722
0 0.138672 0.927083 0.138281 0.145833
0 0.307812 0.919444 0.107813 0.161111
0 0.325781 0.606944 0.051562 0.075000
0 0.308203 0.530556 0.041406 0.050000
1 0.360547 0.459028 0.027344 0.043056
1 0.385547 0.483333 0.036719 0.061111
0 0.437109 0.507639 0.033594 0.054167
0 0.448828 0.447222 0.021094 0.027778
0 0.407422 0.409028 0.017969 0.026389
0 0.437891 0.407639 0.014844 0.020833
0 0.425391 0.390972 0.011719 0.018056
0 0.468359 0.404861 0.013281 0.020833
0 0.455469 0.388194 0.010937 0.018056
1 0.460547 0.360417 0.017969 0.040278
0 0.525000 0.384028 0.010937 0.018056
0 0.574609 0.389583 0.013281 0.018056
0 0.593359 0.421528 0.016406 0.026389
0 0.546094 0.454861 0.021875 0.034722
0 0.601953 0.492361 0.025781 0.040278
0 0.621484 0.452778 0.022656 0.030556
1 0.719531 0.565278 0.054688 0.088889
0 0.622266 0.667361 0.064844 0.104167
0 0.869141 0.930556 0.132031 0.138889
