0 0.109375 0.762500 0.112500 0.111111
0 0.230859 0.771528 0.094531 0.115278
0 0.358594 0.760417 0.076563 0.109722
0 0.349219 0.563194 0.042188 0.059722
0 0.328906 0.508333 0.034375 0.044444
1 0.372656 0.446528 0.025000 0.037500
1 0.394531 0.469444 0.032813 0.055556
0 0.443359 0.486111 0.030469 0.044444
0 0.412109 0.404861 0.016406 0.020833
0 0.452344 0.435417 0.018750 0.023611
0 0.441797 0.404167 0.014844 0.022222
0 0.429297 0.386806 0.011719 0.015278
0 0.439453 0.379167 0.010156 0.016667
0 0.469141 0.398611 0.013281 0.019444
0 0.526953 0.393056 0.014844 0.016667
0 0.579297 0.399306 0.014844 0.020833
0 0.557813 0.492361 0.028125 0.045833
0 0.604688 0.436111 0.018750 0.027778
0 0.642969 0.477083 0.026562 0.040278
0 0.630859 0.547222 0.036719 0.052778
1 0.801562 0.660417 0.084375 0.131944
0 0.730469 0.930556 0.132812 0.138889
