0 0.213672 0.814583 0.102344 0.131944
1 0.319141 0.847222 0.116406 0.208333
0 0.232422 0.600000 0.064844 0.080556
0 0.407422 0.620833 0.049219 0.075000
0 0.328516 0.506250 0.038281 0.040278
0 0.378125 0.515278 0.032813 0.044444
0 0.435937 0.504167 0.031250 0.044444
0 0.371875 0.454167 0.023438 0.030556
0 0.406641 0.413889 0.017969 0.019444
0 0.429688 0.420833 0.018750 0.025000
0 0.452344 0.392361 0.014063 0.020833
0 0.471875 0.400000 0.010937 0.022222
0 0.528125 0.391667 0.014063 0.022222
0 0.543359 0.433333 0.022656 0.030556
0 0.560547 0.413889 0.014844 0.027778
1 0.590625 0.398611 0.035937 0.072222
1 0.577734 0.542361 0.041406 0.076389
0 0.635547 0.472917 0.025781 0.040278
0 0.667578 0.602083 0.052344 0.076389
0 0.796875 0.661111 0.068750 0.094444
0 0.662109 0.829861 0.089844 0.165278
