0 0.179688 0.679861 0.084375 0.087500
0 0.282422 0.678472 0.069531 0.087500
0 0.385937 0.665972 0.059375 0.084722
0 0.364844 0.535417 0.037500 0.054167
0 0.343359 0.489583 0.032031 0.043056
1 0.381250 0.436111 0.023438 0.036111
1 0.403516 0.456250 0.030469 0.051389
0 0.448047 0.468750 0.027344 0.037500
0 0.456641 0.427083 0.016406 0.023611
0 0.530078 0.406250 0.014844 0.023611
0 0.617578 0.451389 0.021094 0.033333
0 0.575781 0.547222 0.037500 0.063889
0 0.668750 0.508333 0.034375 0.044444
0 0.682031 0.638194 0.054688 0.084722
1 0.940234 0.844444 0.119531 0.233333
