0 0.048047 0.891667 0.094531 0.158333
0 0.336719 0.834028 0.082812 0.140278
0 0.232422 0.615972 0.066406 0.070833
0 0.318750 0.613889 0.054688 0.069444
0 0.407813 0.602083 0.048438 0.065278
0 0.378516 0.509722 0.032031 0.041667
0 0.357031 0.473611 0.028125 0.036111
1 0.389453 0.427083 0.021094 0.031944
1 0.410938 0.446528 0.026562 0.045833
0 0.451953 0.454167 0.025781 0.036111
0 0.419531 0.394444 0.014063 0.019444
0 0.459375 0.417361 0.015625 0.020833
0 0.446875 0.393750 0.012500 0.018056
0 0.472266 0.389583 0.011719 0.018056
0 0.535156 0.424306 0.017188 0.029167
0 0.593750 0.414583 0.017188 0.023611
0 0.636328 0.471528 0.025781 0.034722
0 0.610547 0.658333 0.057031 0.100000
0 0.709375 0.556944 0.043750 0.061111
0 0.814844 0.868750 0.110937 0.179167
