0 0.124609 0.758333 0.107031 0.108333
0 0.371094 0.716667 0.064062 0.100000
0 0.266797 0.573611 0.053906 0.058333
0 0.341797 0.569444 0.046094 0.058333
0 0.419922 0.559028 0.039844 0.051389
0 0.387500 0.492361 0.029687 0.043056
0 0.367578 0.460417 0.024219 0.031944
1 0.416016 0.435417 0.024219 0.045833
1 0.396484 0.418056 0.021094 0.030556
0 0.456250 0.442361 0.023438 0.031944
0 0.422656 0.392361 0.014063 0.023611
0 0.462891 0.409722 0.014844 0.022222
0 0.449609 0.387500 0.013281 0.016667
0 0.541797 0.445139 0.021094 0.034722
0 0.603906 0.425694 0.018750 0.026389
0 0.659375 0.501389 0.031250 0.041667
0 0.772266 0.630556 0.061719 0.083333
0 0.695703 0.897917 0.108594 0.201389
