0 0.044141 0.864583 0.086719 0.148611
0 0.384766 0.704167 0.063281 0.100000
0 0.326953 0.600000 0.052344 0.069444
0 0.294922 0.540278 0.041406 0.055556
0 0.384766 0.490278 0.033594 0.044444
0 0.435547 0.502778 0.035156 0.052778
0 0.408984 0.434722 0.024219 0.030556
0 0.456250 0.429167 0.018750 0.027778
0 0.437891 0.413194 0.017969 0.023611
0 0.422656 0.399306 0.015625 0.020833
0 0.466406 0.402778 0.017188 0.025000
1 0.440625 0.369444 0.015625 0.033333
0 0.861328 0.928472 0.138281 0.143056
0 0.692187 0.614583 0.062500 0.118056
0 0.689844 0.525000 0.042188 0.069444
0 0.537109 0.428472 0.019531 0.031944
0 0.573438 0.434722 0.023438 0.030556
0 0.587891 0.413889 0.016406 0.025000
0 0.615625 0.446528 0.021875 0.031944
0 0.548828 0.390278 0.013281 0.025000
0 0.569922 0.386806 0.014844 0.018056
0 0.525000 0.372222 0.012500 0.022222
