1 0.359375 0.728472 0.090625 0.154167
0 0.268359 0.712500 0.077344 0.100000
0 0.263672 0.565278 0.053906 0.069444
0 0.420312 0.577778 0.040625 0.063889
0 0.342187 0.488889 0.034375 0.038889
0 0.389453 0.495833 0.030469 0.041667
0 0.440234 0.480556 0.027344 0.038889
0 0.380469 0.445833 0.021875 0.030556
0 0.410547 0.409028 0.016406 0.023611
0 0.427344 0.394444 0.014063 0.016667
0 0.433984 0.413194 0.016406 0.023611
0 0.454688 0.386111 0.009375 0.019444
0 0.473438 0.392361 0.012500 0.015278
0 0.532422 0.403472 0.014844 0.023611
0 0.568359 0.428472 0.017969 0.029167
0 0.551172 0.458333 0.025781 0.036111
1 0.601953 0.409028 0.042969 0.084722
0 0.662891 0.503472 0.033594 0.048611
1 0.607031 0.637500 0.060937 0.122222
0 0.757812 0.750694 0.090625 0.134722
0 0.949219 0.848611 0.101562 0.163889
