1 0.071484 0.772917 0.141406 0.190278
0 0.318359 0.938194 0.116406 0.123611
0 0.307812 0.643750 0.059375 0.081944
1 0.385156 0.650694 0.068750 0.123611
0 0.291016 0.536806 0.047656 0.059722
0 0.355859 0.472917 0.028906 0.034722
0 0.399609 0.477778 0.025781 0.036111
0 0.430469 0.536111 0.032813 0.052778
0 0.443750 0.462500 0.028125 0.033333
0 0.387891 0.436111 0.021094 0.027778
0 0.415625 0.404167 0.015625 0.022222
0 0.439063 0.407639 0.015625 0.026389
0 0.537109 0.417361 0.019531 0.029167
0 0.579297 0.450000 0.024219 0.033333
0 0.564063 0.495833 0.031250 0.047222
1 0.617969 0.424306 0.051562 0.098611
0 0.708984 0.560417 0.044531 0.059722
1 0.692578 0.875000 0.128906 0.250000
0 0.533594 0.388889 0.014063 0.025000
0 0.546094 0.376389 0.012500 0.016667
0 0.457813 0.381250 0.010937 0.018056
0 0.476172 0.386806 0.011719 0.018056
0 0.430078 0.389583 0.013281 0.018056
