1 0.144141 0.688194 0.117969 0.156944
0 0.359766 0.818056 0.088281 0.147222
0 0.333984 0.595139 0.049219 0.068056
1 0.403906 0.594444 0.059375 0.094444
0 0.310547 0.513889 0.041406 0.050000
0 0.366406 0.460417 0.026562 0.031944
0 0.408594 0.462500 0.023438 0.033333
0 0.436719 0.511111 0.029687 0.044444
0 0.448437 0.450000 0.020313 0.030556
0 0.394531 0.427778 0.018750 0.025000
0 0.419922 0.399306 0.014844 0.020833
0 0.442969 0.401389 0.015625 0.019444
0 0.477344 0.383333 0.010937 0.016667
0 0.432812 0.385417 0.012500 0.018056
1 0.536719 0.398611 0.015625 0.030556
0 0.548828 0.381944 0.011719 0.016667
0 0.541406 0.434028 0.021875 0.029167
0 0.592578 0.476389 0.025781 0.036111
1 0.638281 0.445139 0.064062 0.118056
0 0.582812 0.552083 0.042188 0.062500
0 0.777344 0.643056 0.062500 0.088889
