1 0.204297 0.620139 0.088281 0.118056
0 0.389062 0.711111 0.067187 0.105556
0 0.354687 0.555556 0.042188 0.055556
1 0.415625 0.552083 0.050000 0.073611
0 0.328516 0.493056 0.033594 0.044444
0 0.442578 0.487500 0.027344 0.038889
0 0.375781 0.447222 0.026562 0.027778
0 0.416016 0.449306 0.019531 0.031944
0 0.400781 0.418750 0.018750 0.023611
0 0.452734 0.434028 0.019531 0.023611
0 0.425000 0.393750 0.014063 0.018056
0 0.446484 0.393750 0.013281 0.020833
1 0.541406 0.416667 0.020313 0.036111
0 0.551953 0.461806 0.024219 0.040278
0 0.617969 0.520833 0.035937 0.050000
1 0.670703 0.477083 0.086719 0.148611
0 0.620313 0.665972 0.064062 0.104167
0 0.932813 0.823611 0.112500 0.158333
