1 0.244141 0.579861 0.074219 0.101389
0 0.407031 0.646528 0.054688 0.090278
0 0.370312 0.530556 0.037500 0.047222
0 0.341797 0.476389 0.033594 0.041667
1 0.425781 0.523611 0.045312 0.066667
0 0.383203 0.436806 0.022656 0.029167
0 0.406250 0.413889 0.017188 0.025000
0 0.422656 0.440278 0.018750 0.027778
0 0.447656 0.470833 0.023438 0.033333
0 0.564063 0.494444 0.029687 0.047222
0 0.654297 0.587500 0.049219 0.072222
1 0.716797 0.522917 0.121094 0.201389
0 0.709766 0.906944 0.127344 0.186111
0 0.545703 0.430556 0.022656 0.047222
0 0.558203 0.399306 0.013281 0.023611
0 0.528516 0.391667 0.017969 0.025000
0 0.456250 0.423611 0.025000 0.030556
