0 0.148438 0.913889 0.134375 0.172222
0 0.314063 0.922917 0.115625 0.154167
0 0.276172 0.544444 0.060156 0.083333
0 0.420703 0.594444 0.046094 0.075000
0 0.384766 0.505556 0.033594 0.047222
0 0.355469 0.464583 0.029687 0.043056
1 0.435156 0.498611 0.037500 0.058333
0 0.390234 0.429167 0.021094 0.025000
0 0.410547 0.407639 0.016406 0.020833
0 0.428516 0.426389 0.016406 0.025000
0 0.452344 0.454167 0.018750 0.033333
0 0.460547 0.413889 0.016406 0.019444
0 0.430859 0.385417 0.013281 0.018056
0 0.451953 0.385417 0.011719 0.015278
0 0.531641 0.402083 0.016406 0.020833
0 0.566406 0.415278 0.015625 0.022222
1 0.555078 0.454861 0.025781 0.051389
0 0.584766 0.559028 0.041406 0.068056
0 0.733984 0.725694 0.080469 0.115278
1 0.828125 0.611111 0.162500 0.308333
