0 0.220703 0.784722 0.097656 0.127778
0 0.351172 0.809028 0.082031 0.137500
0 0.300781 0.522222 0.051562 0.080556
0 0.429688 0.559028 0.039062 0.065278
0 0.394531 0.486806 0.029687 0.040278
0 0.364844 0.452778 0.028125 0.033333
0 0.439844 0.479167 0.032813 0.050000
0 0.398047 0.420833 0.021094 0.025000
0 0.432422 0.416667 0.016406 0.022222
0 0.454297 0.440278 0.017969 0.025000
0 0.463281 0.406944 0.017188 0.022222
0 0.415234 0.402778 0.014844 0.019444
0 0.536719 0.415972 0.018750 0.026389
0 0.576562 0.431944 0.018750 0.030556
1 0.567578 0.489583 0.033594 0.065278
0 0.623047 0.670833 0.063281 0.111111
1 0.888672 0.734722 0.222656 0.433333
