1 0.065234 0.809028 0.128906 0.190278
0 0.274219 0.695833 0.073438 0.105556
0 0.379688 0.710417 0.067187 0.098611
1 0.323437 0.500000 0.045312 0.069444
0 0.437109 0.527778 0.035156 0.055556
0 0.404297 0.469444 0.024219 0.036111
1 0.444531 0.463194 0.029687 0.048611
0 0.373828 0.443750 0.025781 0.034722
0 0.404297 0.416667 0.019531 0.022222
0 0.437500 0.411111 0.015625 0.025000
0 0.458984 0.429861 0.016406 0.023611
0 0.466797 0.402083 0.016406 0.020833
0 0.419531 0.396528 0.012500 0.020833
0 0.542578 0.434722 0.022656 0.027778
0 0.589453 0.457639 0.024219 0.037500
1 0.591406 0.549306 0.048438 0.093056
0 0.729297 0.925694 0.133594 0.148611
