1 0.133984 0.711111 0.121094 0.150000
0 0.323437 0.917361 0.098437 0.162500
0 0.310547 0.629861 0.060156 0.076389
0 0.395313 0.646528 0.054688 0.079167
0 0.339844 0.480556 0.040625 0.061111
0 0.442969 0.504167 0.031250 0.047222
0 0.413672 0.456250 0.024219 0.031944
0 0.381641 0.434722 0.022656 0.030556
1 0.449219 0.450000 0.026562 0.047222
0 0.409375 0.406250 0.018750 0.020833
0 0.423438 0.393750 0.012500 0.018056
0 0.441797 0.404167 0.014844 0.022222
0 0.460938 0.420139 0.012500 0.023611
0 0.526953 0.392361 0.013281 0.018056
0 0.543359 0.381250 0.011719 0.018056
0 0.467969 0.392361 0.015625 0.020833
0 0.562109 0.375000 0.008594 0.019444
0 0.548438 0.459028 0.021875 0.034722
0 0.610156 0.490278 0.029687 0.041667
1 0.632422 0.652778 0.072656 0.141667
