0 0.175000 0.875000 0.117188 0.150000
0 0.359375 0.790278 0.076563 0.119444
1 0.193750 0.640972 0.090625 0.109722
0 0.338672 0.581250 0.047656 0.062500
0 0.410156 0.596528 0.043750 0.070833
1 0.354687 0.463889 0.034375 0.052778
0 0.446094 0.482639 0.026562 0.040278
0 0.418750 0.443056 0.020313 0.025000
1 0.452734 0.437500 0.024219 0.038889
0 0.388281 0.425694 0.018750 0.029167
0 0.413281 0.402778 0.015625 0.016667
0 0.427734 0.390278 0.011719 0.016667
0 0.445312 0.397222 0.010937 0.019444
0 0.464844 0.409722 0.012500 0.022222
0 0.471484 0.387500 0.011719 0.016667
0 0.444141 0.373611 0.010156 0.011111
0 0.526172 0.379861 0.010156 0.015278
0 0.530078 0.406944 0.014844 0.019444
0 0.548828 0.391667 0.011719 0.019444
0 0.565625 0.379167 0.009375 0.016667
0 0.559766 0.497917 0.028906 0.043056
0 0.645312 0.550694 0.042188 0.059722
1 0.747266 0.891667 0.158594 0.216667
