0 0.139844 0.905556 0.153125 0.180556
0 0.109766 0.756250 0.102344 0.118056
0 0.312500 0.519444 0.039062 0.052778
0 0.346875 0.564583 0.045312 0.062500
0 0.405078 0.631250 0.049219 0.084722
0 0.396875 0.475694 0.029687 0.043056
0 0.442188 0.484722 0.029687 0.050000
0 0.417578 0.424306 0.021094 0.026389
0 0.459375 0.422222 0.020313 0.030556
0 0.404687 0.412500 0.015625 0.027778
0 0.441797 0.406944 0.014844 0.025000
0 0.425000 0.394444 0.012500 0.019444
0 0.468359 0.397917 0.016406 0.026389
1 0.444141 0.363889 0.016406 0.033333
0 0.737109 0.581944 0.058594 0.088889
0 0.791406 0.759028 0.115625 0.173611
0 0.526563 0.379167 0.014063 0.025000
0 0.553125 0.400694 0.015625 0.029167
0 0.574609 0.392361 0.014844 0.023611
0 0.544531 0.452083 0.025000 0.040278
0 0.585547 0.453472 0.024219 0.034722
0 0.597656 0.425694 0.020313 0.029167
0 0.632031 0.466667 0.025000 0.041667
