0 0.236719 0.756250 0.089063 0.112500
1 0.232813 0.597917 0.075000 0.095833
0 0.381250 0.713194 0.065625 0.093056
0 0.358984 0.547222 0.041406 0.052778
0 0.421094 0.561111 0.037500 0.058333
1 0.365625 0.450694 0.031250 0.051389
0 0.450391 0.468750 0.025781 0.040278
0 0.393750 0.418750 0.018750 0.026389
0 0.425391 0.430556 0.017969 0.025000
1 0.455859 0.427083 0.017969 0.029167
0 0.418750 0.397222 0.015625 0.016667
0 0.467578 0.404861 0.013281 0.020833
0 0.473047 0.384028 0.013281 0.015278
0 0.448828 0.391667 0.013281 0.016667
0 0.430469 0.384722 0.010937 0.016667
0 0.528125 0.388194 0.012500 0.018056
0 0.553516 0.402083 0.014844 0.020833
0 0.569141 0.382639 0.010156 0.018056
0 0.534375 0.422222 0.018750 0.025000
0 0.576172 0.561806 0.041406 0.062500
0 0.707422 0.653472 0.063281 0.095833
