0 0.283594 0.671528 0.067187 0.087500
1 0.267188 0.562500 0.060937 0.080556
0 0.396875 0.649306 0.053125 0.079167
0 0.375391 0.520139 0.036719 0.051389
0 0.427734 0.530556 0.033594 0.050000
1 0.376953 0.440972 0.028906 0.045833
1 0.459375 0.418750 0.021875 0.031944
0 0.454297 0.454861 0.022656 0.034722
0 0.430469 0.424306 0.017188 0.026389
0 0.399609 0.411806 0.017969 0.026389
0 0.423828 0.393056 0.014844 0.019444
0 0.433594 0.381944 0.010937 0.013889
0 0.452734 0.388194 0.010156 0.018056
0 0.470313 0.396528 0.010937 0.015278
0 0.475781 0.379861 0.010937 0.012500
0 0.531250 0.400000 0.012500 0.022222
0 0.542969 0.373611 0.009375 0.016667
0 0.574219 0.390278 0.010937 0.019444
0 0.561719 0.415278 0.015625 0.025000
0 0.541016 0.443056 0.019531 0.027778
0 0.616016 0.694444 0.067969 0.113889
0 0.876172 0.911111 0.138281 0.177778
