0 0.097656 0.944444 0.160938 0.111111
0 0.303906 0.946528 0.115625 0.106944
0 0.316797 0.618056 0.053906 0.069444
1 0.290234 0.535417 0.053906 0.070833
0 0.408203 0.609028 0.046094 0.070833
0 0.385937 0.497222 0.032813 0.044444
0 0.437109 0.509028 0.030469 0.043056
1 0.384375 0.429167 0.026562 0.044444
0 0.405469 0.406944 0.017188 0.025000
0 0.434375 0.414583 0.014063 0.020833
1 0.462500 0.411111 0.018750 0.030556
0 0.426172 0.389583 0.011719 0.018056
0 0.435937 0.379167 0.009375 0.013889
0 0.455078 0.383333 0.010156 0.013889
0 0.472656 0.390278 0.010937 0.013889
0 0.456250 0.440972 0.018750 0.029167
0 0.524219 0.364583 0.009375 0.012500
0 0.537891 0.359028 0.007031 0.012500
0 0.544922 0.379861 0.010156 0.015278
0 0.569141 0.387500 0.008594 0.013889
0 0.578906 0.395833 0.012500 0.019444
0 0.570312 0.434028 0.020313 0.029167
0 0.534375 0.412500 0.015625 0.025000
0 0.549609 0.475000 0.025781 0.036111
