0 0.086719 0.777778 0.125000 0.125000
0 0.197266 0.819444 0.117969 0.155556
0 0.343359 0.847222 0.092969 0.138889
1 0.312109 0.515278 0.047656 0.069444
0 0.341797 0.573611 0.046094 0.055556
0 0.419531 0.570833 0.039062 0.055556
0 0.396875 0.480556 0.026562 0.036111
1 0.392578 0.420833 0.024219 0.036111
0 0.441797 0.488194 0.025781 0.040278
0 0.409766 0.400694 0.016406 0.020833
0 0.440234 0.408333 0.014844 0.019444
1 0.464453 0.403472 0.017969 0.029167
0 0.459375 0.432639 0.018750 0.026389
0 0.430469 0.386111 0.010937 0.016667
0 0.458203 0.379167 0.010156 0.013889
0 0.475781 0.384722 0.010937 0.013889
0 0.549609 0.386111 0.013281 0.019444
0 0.573828 0.395139 0.011719 0.018056
0 0.585156 0.407639 0.014063 0.023611
0 0.539453 0.431944 0.017969 0.027778
0 0.585547 0.459722 0.025781 0.033333
0 0.564453 0.529861 0.032031 0.051389
