0 0.167187 0.690278 0.089063 0.100000
0 0.254688 0.720833 0.082812 0.116667
0 0.368359 0.749306 0.072656 0.112500
1 0.327344 0.493750 0.040625 0.054167
0 0.361328 0.540278 0.038281 0.050000
0 0.426563 0.543056 0.035937 0.050000
0 0.404297 0.463889 0.027344 0.033333
1 0.399219 0.415278 0.023438 0.033333
0 0.447266 0.470833 0.024219 0.033333
0 0.462109 0.421528 0.017969 0.026389
0 0.466406 0.397222 0.015625 0.022222
0 0.442188 0.401389 0.012500 0.016667
0 0.433203 0.381250 0.010156 0.015278
0 0.414062 0.396528 0.015625 0.020833
0 0.441406 0.372917 0.009375 0.009722
0 0.461719 0.377083 0.010937 0.015278
0 0.477734 0.380556 0.011719 0.013889
0 0.525781 0.377778 0.010937 0.016667
0 0.541016 0.367361 0.010156 0.015278
0 0.551953 0.393750 0.013281 0.018056
0 0.580078 0.402778 0.013281 0.019444
0 0.594531 0.418056 0.017188 0.022222
0 0.546094 0.458333 0.020313 0.036111
0 0.606250 0.498611 0.031250 0.041667
0 0.592969 0.616667 0.048438 0.083333
