0 0.226172 0.619444 0.069531 0.077778
0 0.296094 0.646528 0.067187 0.090278
0 0.388281 0.680556 0.060937 0.091667
1 0.341797 0.481944 0.035156 0.052778
0 0.377344 0.513194 0.032813 0.043056
0 0.434766 0.518750 0.032031 0.043056
0 0.414453 0.453472 0.022656 0.031944
1 0.405078 0.409028 0.021094 0.037500
0 0.419141 0.391667 0.014844 0.016667
0 0.446094 0.396528 0.010937 0.018056
0 0.437109 0.377778 0.011719 0.016667
1 0.469141 0.392361 0.014844 0.020833
0 0.464453 0.413194 0.016406 0.023611
0 0.451953 0.455556 0.022656 0.030556
0 0.557813 0.405556 0.014063 0.025000
0 0.587500 0.413889 0.015625 0.022222
0 0.605078 0.430556 0.017969 0.025000
0 0.557813 0.500000 0.026562 0.044444
0 0.644531 0.567361 0.043750 0.059722
0 0.670703 0.859028 0.097656 0.190278
