0 0.096875 0.959028 0.142187 0.081944
0 0.323437 0.597917 0.056250 0.076389
0 0.263672 0.579861 0.057031 0.068056
0 0.401562 0.627778 0.050000 0.075000
1 0.353125 0.468750 0.032813 0.045833
0 0.389844 0.493056 0.028125 0.036111
0 0.438672 0.497917 0.027344 0.037500
0 0.419922 0.440278 0.021094 0.027778
1 0.411719 0.401389 0.020313 0.030556
0 0.455078 0.444444 0.019531 0.030556
0 0.466797 0.406944 0.016406 0.025000
0 0.448828 0.391667 0.011719 0.019444
1 0.471875 0.386806 0.014063 0.026389
0 0.530078 0.395833 0.014844 0.019444
0 0.545703 0.377083 0.010156 0.018056
0 0.564844 0.398611 0.012500 0.022222
0 0.564844 0.420139 0.017188 0.026389
0 0.596484 0.425694 0.016406 0.026389
0 0.617578 0.446528 0.021094 0.037500
0 0.576172 0.565972 0.038281 0.068056
0 0.714844 0.693750 0.075000 0.112500
