0 0.190234 0.835417 0.108594 0.137500
0 0.294531 0.540972 0.046875 0.054167
0 0.347656 0.558333 0.045312 0.063889
0 0.414062 0.587500 0.045312 0.063889
0 0.364063 0.456944 0.031250 0.041667
0 0.400391 0.475694 0.025781 0.034722
0 0.443750 0.481250 0.023438 0.031944
0 0.426172 0.431250 0.017969 0.023611
0 0.457813 0.432639 0.015625 0.023611
1 0.416406 0.396528 0.017188 0.029167
0 0.469141 0.400000 0.013281 0.016667
0 0.452344 0.386806 0.010937 0.018056
1 0.474219 0.381250 0.014063 0.020833
0 0.548828 0.385417 0.011719 0.018056
0 0.534375 0.411111 0.015625 0.022222
0 0.564453 0.378472 0.010156 0.015278
0 0.573828 0.393056 0.010156 0.016667
0 0.568750 0.409722 0.015625 0.025000
0 0.576953 0.441667 0.021094 0.027778
0 0.607812 0.440972 0.020313 0.026389
0 0.636328 0.467361 0.022656 0.034722
0 0.621094 0.711111 0.064062 0.116667
