0 0.307812 0.924306 0.120313 0.151389
0 0.247656 0.731944 0.081250 0.108333
0 0.316406 0.518750 0.040625 0.051389
0 0.364063 0.530556 0.039062 0.055556
0 0.421094 0.558333 0.040625 0.055556
0 0.374609 0.445139 0.027344 0.040278
0 0.408594 0.461111 0.023438 0.033333
0 0.447656 0.464583 0.023438 0.029167
0 0.430469 0.421528 0.015625 0.023611
1 0.420312 0.392361 0.015625 0.026389
0 0.460938 0.421528 0.015625 0.020833
0 0.472266 0.393750 0.011719 0.020833
0 0.454688 0.382639 0.012500 0.018056
0 0.445312 0.370139 0.009375 0.012500
1 0.474609 0.375694 0.013281 0.020833
0 0.552344 0.394444 0.014063 0.025000
0 0.568359 0.381944 0.011719 0.019444
0 0.540625 0.427083 0.018750 0.026389
0 0.574609 0.422222 0.016406 0.027778
0 0.580469 0.401389 0.012500 0.019444
0 0.591016 0.466667 0.024219 0.038889
0 0.623437 0.459722 0.023438 0.030556
0 0.660547 0.496528 0.030469 0.043056
