0 0.036719 0.891667 0.071875 0.155556
0 0.354687 0.792361 0.082812 0.129167
0 0.290234 0.654861 0.061719 0.087500
0 0.334766 0.497917 0.036719 0.040278
0 0.379297 0.505556 0.036719 0.047222
0 0.428516 0.529167 0.033594 0.047222
0 0.383594 0.436111 0.026562 0.038889
0 0.416016 0.447917 0.022656 0.031944
0 0.451953 0.454167 0.021094 0.027778
0 0.437891 0.414583 0.017969 0.023611
1 0.425391 0.386806 0.014844 0.026389
0 0.463672 0.414583 0.014844 0.023611
0 0.474609 0.387500 0.013281 0.016667
1 0.476953 0.373611 0.011719 0.016667
0 0.455859 0.378472 0.010156 0.015278
0 0.557422 0.404167 0.014844 0.027778
0 0.572266 0.389583 0.011719 0.018056
0 0.549609 0.455556 0.024219 0.033333
0 0.584375 0.441667 0.020313 0.033333
0 0.589844 0.412500 0.014063 0.019444
0 0.615625 0.510417 0.034375 0.051389
0 0.646484 0.486806 0.028906 0.037500
0 0.697266 0.540972 0.036719 0.059722
