0 0.032813 0.953472 0.064062 0.093056
0 0.215625 0.773611 0.106250 0.133333
0 0.179688 0.671528 0.078125 0.087500
0 0.329297 0.499306 0.036719 0.045833
0 0.364063 0.534028 0.039062 0.051389
0 0.417578 0.577778 0.041406 0.063889
0 0.404687 0.460417 0.028125 0.037500
0 0.448828 0.465278 0.028906 0.041667
0 0.410938 0.406250 0.014063 0.023611
0 0.426172 0.415278 0.019531 0.025000
0 0.428125 0.389583 0.012500 0.018056
0 0.445703 0.400000 0.014844 0.019444
0 0.462500 0.411806 0.017188 0.023611
0 0.471484 0.390972 0.014844 0.020833
0 0.478906 0.370139 0.009375 0.015278
0 0.823828 0.681944 0.088281 0.127778
0 0.556250 0.489583 0.029687 0.043056
0 0.603125 0.486111 0.031250 0.041667
0 0.656641 0.495833 0.028906 0.047222
0 0.529297 0.386111 0.016406 0.025000
0 0.558203 0.411111 0.016406 0.025000
0 0.579688 0.400694 0.015625 0.023611
0 0.607812 0.440278 0.020313 0.027778
1 0.444922 0.363194 0.014844 0.034722
