0 0.119141 0.751389 0.096094 0.116667
0 0.382031 0.699306 0.065625 0.104167
0 0.320312 0.601389 0.050000 0.072222
0 0.349609 0.480556 0.032031 0.033333
0 0.390234 0.487500 0.032031 0.044444
0 0.433594 0.506944 0.031250 0.041667
0 0.390625 0.427083 0.025000 0.034722
0 0.423047 0.437500 0.019531 0.027778
0 0.454688 0.443750 0.020313 0.026389
0 0.442188 0.406250 0.015625 0.023611
0 0.468359 0.408333 0.016406 0.019444
0 0.476953 0.384722 0.013281 0.016667
1 0.429297 0.384028 0.014844 0.026389
0 0.458984 0.376389 0.010156 0.016667
0 0.523828 0.375000 0.011719 0.016667
0 0.542188 0.372222 0.009375 0.016667
0 0.564453 0.378472 0.008594 0.015278
0 0.578125 0.397917 0.014063 0.018056
0 0.563281 0.416667 0.015625 0.027778
0 0.562891 0.492361 0.024219 0.040278
0 0.596875 0.465972 0.025000 0.040278
0 0.599219 0.425694 0.015625 0.023611
0 0.653906 0.579167 0.045312 0.066667
0 0.676953 0.525000 0.035156 0.050000
0 0.751172 0.603472 0.050781 0.076389
