0 0.121094 0.920833 0.143750 0.158333
0 0.196875 0.656944 0.067187 0.091667
0 0.345313 0.561806 0.043750 0.059722
0 0.401953 0.634028 0.053906 0.079167
0 0.362109 0.467361 0.028906 0.034722
0 0.399219 0.471528 0.028125 0.040278
0 0.438672 0.488889 0.027344 0.036111
0 0.398438 0.419444 0.023438 0.033333
0 0.428906 0.427083 0.018750 0.023611
0 0.458203 0.433333 0.017969 0.025000
0 0.445312 0.399306 0.014063 0.018056
1 0.433594 0.379167 0.015625 0.027778
0 0.470313 0.401389 0.010937 0.019444
0 0.478516 0.379861 0.011719 0.018056
0 0.461328 0.372222 0.008594 0.016667
0 0.524609 0.384028 0.011719 0.020833
0 0.572656 0.431944 0.021875 0.033333
0 0.585938 0.406250 0.014063 0.023611
0 0.569531 0.385417 0.010937 0.015278
0 0.544141 0.376389 0.010156 0.016667
0 0.615625 0.443750 0.020313 0.029167
0 0.618359 0.505556 0.033594 0.050000
0 0.585547 0.560417 0.039844 0.059722
0 0.726172 0.590972 0.052344 0.076389
0 0.743750 0.733333 0.084375 0.127778
0 0.855859 0.729167 0.080469 0.119444
