0 0.201563 0.797222 0.103125 0.125000
1 0.324219 0.847917 0.112500 0.204167
0 0.243750 0.600000 0.056250 0.066667
0 0.364453 0.533333 0.036719 0.050000
0 0.412891 0.588889 0.046094 0.063889
0 0.371484 0.454861 0.024219 0.034722
0 0.408594 0.458333 0.025000 0.038889
0 0.442969 0.472917 0.025000 0.031944
0 0.404297 0.413889 0.017969 0.030556
0 0.434766 0.418750 0.016406 0.026389
0 0.460547 0.422917 0.016406 0.020833
0 0.436719 0.376389 0.012500 0.022222
0 0.448828 0.393056 0.011719 0.013889
0 0.472266 0.394444 0.011719 0.013889
0 0.480469 0.376389 0.010937 0.013889
0 0.462891 0.369444 0.008594 0.016667
0 0.527734 0.391667 0.011719 0.019444
0 0.547266 0.384722 0.011719 0.019444
0 0.573047 0.392361 0.011719 0.018056
0 0.595313 0.418750 0.015625 0.023611
0 0.584375 0.453472 0.025000 0.040278
0 0.632422 0.468750 0.025781 0.034722
0 0.651172 0.564583 0.047656 0.070833
0 0.630469 0.691667 0.064062 0.102778
0 0.809375 0.687500 0.079687 0.105556
