0 0.256641 0.704861 0.078906 0.098611
1 0.362500 0.720139 0.081250 0.148611
0 0.278516 0.556250 0.044531 0.054167
0 0.379688 0.506944 0.031250 0.044444
0 0.423828 0.552778 0.038281 0.055556
0 0.381641 0.445139 0.022656 0.029167
0 0.416016 0.445139 0.022656 0.031944
0 0.448828 0.458333 0.022656 0.027778
0 0.410156 0.407639 0.017188 0.029167
0 0.439063 0.412500 0.015625 0.022222
0 0.463281 0.417361 0.014063 0.020833
1 0.440234 0.373611 0.013281 0.025000
0 0.451172 0.388889 0.010156 0.013889
0 0.473828 0.388889 0.011719 0.013889
0 0.481641 0.375000 0.010156 0.016667
0 0.530859 0.403472 0.013281 0.023611
0 0.551172 0.392361 0.013281 0.023611
0 0.580469 0.401389 0.014063 0.019444
0 0.607812 0.433333 0.020313 0.027778
0 0.602344 0.487500 0.032813 0.050000
0 0.661328 0.501389 0.032031 0.044444
0 0.720703 0.684028 0.074219 0.118056
0 0.960547 0.909722 0.078906 0.180556
