0 0.295312 0.929861 0.121875 0.140278
0 0.292187 0.645833 0.064062 0.083333
1 0.386328 0.645833 0.066406 0.113889
0 0.302734 0.528472 0.039844 0.048611
0 0.390234 0.488194 0.028906 0.040278
0 0.431641 0.526389 0.035156 0.047222
0 0.389844 0.435417 0.023438 0.029167
0 0.422266 0.434028 0.019531 0.029167
0 0.414062 0.401389 0.017188 0.025000
0 0.452734 0.447222 0.019531 0.025000
0 0.444141 0.405556 0.014844 0.022222
0 0.465234 0.409028 0.014844 0.018056
0 0.453906 0.383333 0.010937 0.016667
0 0.443359 0.370833 0.011719 0.016667
0 0.475781 0.384722 0.010937 0.013889
0 0.555469 0.401389 0.015625 0.022222
0 0.535156 0.417361 0.014063 0.026389
0 0.587891 0.409722 0.013281 0.019444
0 0.623047 0.454861 0.024219 0.031944
0 0.628516 0.536111 0.042969 0.063889
0 0.700000 0.550694 0.042188 0.054167
0 0.877344 0.915278 0.150000 0.169444
