0 0.082812 0.790278 0.118750 0.122222
0 0.348438 0.777778 0.082812 0.119444
0 0.323437 0.594444 0.053125 0.072222
1 0.401562 0.592361 0.053125 0.093056
0 0.324219 0.504861 0.034375 0.045833
0 0.401562 0.471528 0.026562 0.034722
0 0.438281 0.502083 0.031250 0.043056
0 0.397266 0.425000 0.021094 0.025000
0 0.428125 0.423611 0.018750 0.027778
0 0.457031 0.436111 0.018750 0.025000
0 0.417969 0.397222 0.015625 0.025000
0 0.446094 0.397222 0.012500 0.016667
0 0.467578 0.401389 0.013281 0.016667
0 0.446484 0.367361 0.011719 0.015278
0 0.456250 0.379861 0.009375 0.015278
0 0.476953 0.380556 0.010156 0.011111
0 0.555078 0.397917 0.014844 0.018056
0 0.526172 0.384028 0.011719 0.015278
0 0.541797 0.438889 0.019531 0.027778
0 0.599609 0.422222 0.014844 0.019444
0 0.562891 0.415972 0.014844 0.023611
0 0.646484 0.479861 0.028906 0.037500
0 0.680859 0.627778 0.061719 0.105556
0 0.770703 0.636111 0.064844 0.080556
