0 0.125000 0.927083 0.146875 0.145833
0 0.168359 0.690972 0.083594 0.095833
0 0.379688 0.688889 0.065625 0.094444
0 0.344141 0.559028 0.044531 0.054167
1 0.412891 0.556944 0.044531 0.077778
0 0.341406 0.486111 0.029687 0.041667
0 0.408984 0.457639 0.024219 0.031944
0 0.444141 0.485417 0.028906 0.040278
0 0.403516 0.416667 0.019531 0.022222
0 0.432422 0.416667 0.019531 0.027778
0 0.460547 0.426389 0.016406 0.022222
0 0.469922 0.396528 0.013281 0.018056
0 0.450000 0.393056 0.012500 0.016667
0 0.422266 0.390972 0.013281 0.023611
0 0.448828 0.364583 0.011719 0.015278
0 0.458984 0.377083 0.011719 0.012500
0 0.480078 0.377778 0.010156 0.016667
0 0.528125 0.395139 0.014063 0.018056
0 0.562109 0.405556 0.016406 0.022222
0 0.571875 0.431944 0.018750 0.025000
0 0.552344 0.468056 0.023438 0.036111
0 0.612891 0.439583 0.019531 0.023611
0 0.677734 0.515972 0.038281 0.048611
0 0.790234 0.818056 0.117969 0.200000
0 0.894922 0.788889 0.108594 0.138889
