0 0.043359 0.868056 0.085156 0.227778
0 0.205078 0.809028 0.103906 0.131944
0 0.228516 0.618750 0.063281 0.068056
0 0.400000 0.620139 0.051562 0.070833
0 0.363672 0.530556 0.038281 0.047222
0 0.422656 0.527083 0.040625 0.065278
0 0.355859 0.468750 0.025781 0.034722
0 0.414844 0.444444 0.021875 0.027778
0 0.448828 0.468056 0.024219 0.030556
0 0.410938 0.411806 0.017188 0.023611
0 0.437500 0.410417 0.015625 0.023611
0 0.426953 0.387500 0.013281 0.022222
0 0.463672 0.418750 0.014844 0.020833
0 0.452344 0.388194 0.012500 0.018056
0 0.472266 0.392361 0.011719 0.018056
0 0.531641 0.406250 0.014844 0.020833
0 0.569922 0.420833 0.016406 0.022222
0 0.583594 0.455556 0.021875 0.030556
0 0.567187 0.511806 0.029687 0.045833
0 0.630859 0.462500 0.024219 0.033333
0 0.728516 0.575000 0.050781 0.063889
