1 0.109375 0.740972 0.135937 0.181944
0 0.255469 0.722917 0.081250 0.104167
0 0.337109 0.854861 0.094531 0.148611
0 0.266016 0.572917 0.050781 0.059722
0 0.377344 0.508333 0.035937 0.047222
0 0.413281 0.577083 0.043750 0.059722
1 0.428906 0.504167 0.035937 0.058333
0 0.367188 0.454861 0.023438 0.031944
0 0.421484 0.435417 0.019531 0.026389
0 0.452344 0.455556 0.023438 0.027778
0 0.414453 0.402778 0.013281 0.019444
0 0.430078 0.383333 0.013281 0.019444
0 0.440625 0.402778 0.014063 0.019444
0 0.467578 0.410417 0.014844 0.020833
0 0.456250 0.384028 0.012500 0.015278
0 0.474219 0.386111 0.012500 0.013889
0 0.528516 0.393056 0.014844 0.022222
0 0.566797 0.382639 0.010156 0.018056
0 0.554297 0.400000 0.014844 0.016667
0 0.537109 0.426389 0.019531 0.025000
0 0.580469 0.440972 0.021875 0.026389
0 0.584766 0.404861 0.016406 0.020833
0 0.601172 0.486806 0.028906 0.045833
0 0.653906 0.490972 0.026562 0.040278
0 0.591016 0.585417 0.041406 0.068056
0 0.810156 0.665972 0.076563 0.098611
