0 0.162500 0.911806 0.143750 0.176389
1 0.193359 0.643750 0.094531 0.131944
0 0.292578 0.656944 0.066406 0.086111
0 0.371875 0.731944 0.070312 0.100000
0 0.296484 0.537500 0.042969 0.047222
0 0.423828 0.540972 0.036719 0.048611
0 0.389453 0.489583 0.030469 0.040278
0 0.377734 0.445833 0.022656 0.030556
1 0.434766 0.484722 0.030469 0.047222
0 0.426563 0.426389 0.017188 0.025000
0 0.455469 0.441667 0.020313 0.027778
0 0.421094 0.399306 0.014063 0.018056
0 0.434375 0.379167 0.010937 0.019444
0 0.444531 0.398611 0.014063 0.019444
0 0.469531 0.402778 0.012500 0.016667
0 0.459375 0.379861 0.012500 0.015278
0 0.476172 0.381250 0.011719 0.012500
0 0.526563 0.379861 0.012500 0.012500
0 0.532422 0.404167 0.013281 0.022222
0 0.559375 0.410417 0.012500 0.018056
0 0.571094 0.389583 0.010937 0.015278
0 0.545312 0.456944 0.021875 0.030556
0 0.595313 0.469444 0.026562 0.036111
0 0.594531 0.418750 0.017188 0.026389
0 0.630859 0.543750 0.041406 0.062500
0 0.691016 0.534028 0.036719 0.048611
0 0.645703 0.751389 0.071094 0.125000
0 0.960156 0.870139 0.079687 0.176389
