0 0.092578 0.852778 0.146094 0.136111
0 0.304297 0.940972 0.119531 0.118056
0 0.262109 0.697222 0.083594 0.116667
0 0.223438 0.620139 0.062500 0.068056
0 0.339062 0.481944 0.035937 0.044444
0 0.373828 0.509722 0.038281 0.044444
0 0.425781 0.540972 0.032813 0.056944
0 0.411719 0.448611 0.026562 0.033333
0 0.451172 0.450000 0.024219 0.033333
0 0.413672 0.401389 0.013281 0.022222
0 0.430859 0.408333 0.017969 0.025000
0 0.464844 0.406250 0.014063 0.023611
0 0.473438 0.387500 0.017188 0.022222
1 0.447656 0.364583 0.014063 0.029167
0 0.953516 0.868750 0.092969 0.215278
0 0.575000 0.546528 0.037500 0.062500
0 0.628906 0.528472 0.037500 0.054167
0 0.688281 0.534028 0.037500 0.056944
0 0.622656 0.458333 0.026562 0.041667
0 0.564844 0.425694 0.017188 0.029167
0 0.530859 0.396528 0.017969 0.031944
0 0.585547 0.408333 0.016406 0.025000
