0 0.233203 0.790972 0.105469 0.131944
0 0.392969 0.661806 0.057813 0.081944
0 0.321484 0.608333 0.053906 0.066667
1 0.242188 0.587500 0.076563 0.105556
0 0.318359 0.514583 0.036719 0.045833
0 0.431250 0.518056 0.032813 0.044444
0 0.398438 0.470833 0.026562 0.036111
0 0.386328 0.436111 0.021094 0.027778
1 0.441016 0.470833 0.027344 0.047222
0 0.458594 0.432639 0.018750 0.026389
0 0.431250 0.417361 0.015625 0.020833
0 0.425391 0.393056 0.013281 0.016667
0 0.437109 0.375694 0.011719 0.015278
0 0.447656 0.392361 0.012500 0.018056
0 0.472656 0.396528 0.010937 0.018056
0 0.460938 0.375694 0.010937 0.015278
0 0.478516 0.377778 0.008594 0.011111
0 0.526953 0.387500 0.011719 0.016667
0 0.544922 0.372917 0.010156 0.015278
0 0.561719 0.372917 0.010937 0.015278
0 0.576562 0.397917 0.012500 0.018056
0 0.538281 0.422222 0.017188 0.025000
0 0.566406 0.427778 0.017188 0.019444
0 0.557813 0.500000 0.031250 0.044444
0 0.605469 0.430556 0.023438 0.030556
0 0.614844 0.500694 0.035937 0.045833
0 0.678516 0.633333 0.060156 0.091667
0 0.745703 0.602083 0.053906 0.070833
