0 0.083594 0.793750 0.126562 0.137500
0 0.281250 0.703472 0.081250 0.101389
1 0.280859 0.543056 0.058594 0.083333
0 0.345313 0.567361 0.043750 0.059722
0 0.408203 0.608333 0.050781 0.069444
0 0.337109 0.490972 0.032031 0.034722
0 0.407422 0.457639 0.025781 0.031944
0 0.437109 0.496528 0.028906 0.040278
1 0.446094 0.455556 0.025000 0.044444
0 0.392578 0.426389 0.017969 0.025000
0 0.436719 0.410417 0.017188 0.020833
0 0.462500 0.425000 0.015625 0.022222
0 0.429688 0.388889 0.012500 0.019444
0 0.440234 0.375000 0.010156 0.019444
0 0.475000 0.390972 0.012500 0.015278
0 0.450781 0.388194 0.012500 0.020833
0 0.529687 0.398611 0.015625 0.019444
0 0.583984 0.407639 0.014844 0.020833
0 0.546875 0.448611 0.020313 0.033333
0 0.578516 0.445139 0.019531 0.026389
0 0.623047 0.450694 0.027344 0.034722
0 0.584375 0.588889 0.045312 0.072222
0 0.649609 0.561806 0.047656 0.065278
0 0.803125 0.861806 0.120313 0.198611
0 0.855078 0.737500 0.088281 0.116667
