0 0.168359 0.689583 0.088281 0.104167
0 0.297266 0.944444 0.128906 0.111111
0 0.310937 0.646528 0.067187 0.084722
1 0.308984 0.516667 0.049219 0.075000
0 0.361719 0.540278 0.039062 0.052778
0 0.420312 0.571528 0.043750 0.059722
0 0.351953 0.473611 0.028906 0.036111
0 0.399609 0.418750 0.016406 0.023611
0 0.414453 0.446528 0.022656 0.029167
0 0.442578 0.481250 0.027344 0.037500
0 0.448828 0.443056 0.025781 0.036111
0 0.440234 0.402083 0.016406 0.023611
0 0.463281 0.416667 0.017188 0.019444
0 0.477344 0.386806 0.010937 0.015278
0 0.453125 0.383333 0.012500 0.016667
0 0.533203 0.413889 0.016406 0.022222
0 0.551562 0.388889 0.012500 0.019444
0 0.569922 0.384722 0.011719 0.019444
0 0.592969 0.420139 0.015625 0.020833
0 0.558203 0.486111 0.025781 0.038889
0 0.592969 0.470139 0.023438 0.029167
0 0.642578 0.477083 0.028906 0.040278
0 0.708984 0.661111 0.072656 0.100000
0 0.642188 0.785417 0.084375 0.140278
