0 0.055859 0.847222 0.110156 0.136111
0 0.341797 0.842361 0.096094 0.151389
0 0.229687 0.615972 0.067187 0.079167
0 0.335938 0.600694 0.053125 0.073611
1 0.331250 0.493056 0.042188 0.066667
0 0.374609 0.516667 0.032031 0.044444
0 0.364063 0.460417 0.026562 0.029167
0 0.430078 0.539583 0.036719 0.048611
0 0.445703 0.465972 0.025781 0.029167
0 0.421875 0.435417 0.018750 0.029167
0 0.404297 0.413194 0.016406 0.020833
0 0.454297 0.434722 0.024219 0.033333
0 0.467578 0.409028 0.014844 0.020833
0 0.445312 0.397917 0.012500 0.020833
0 0.554688 0.397222 0.014063 0.022222
0 0.576562 0.393056 0.014063 0.022222
0 0.538281 0.429861 0.017188 0.023611
0 0.604688 0.436806 0.020313 0.026389
0 0.674609 0.514583 0.036719 0.054167
0 0.615625 0.516667 0.031250 0.038889
0 0.581250 0.564583 0.039062 0.059722
0 0.855078 0.902083 0.138281 0.195833
