1 0.080859 0.851389 0.160156 0.297222
0 0.149609 0.715278 0.078906 0.080556
0 0.369531 0.743056 0.075000 0.111111
0 0.267969 0.567361 0.053125 0.062500
0 0.353516 0.565972 0.046094 0.059722
1 0.347266 0.472222 0.036719 0.052778
0 0.385547 0.498611 0.030469 0.041667
0 0.375391 0.447917 0.025781 0.026389
0 0.435156 0.519444 0.034375 0.050000
0 0.448828 0.454167 0.021094 0.027778
0 0.427734 0.425000 0.017969 0.025000
0 0.410156 0.407639 0.015625 0.020833
0 0.457813 0.423611 0.021875 0.033333
0 0.448437 0.392361 0.012500 0.018056
0 0.441016 0.376389 0.010156 0.016667
0 0.469141 0.402083 0.013281 0.020833
0 0.525000 0.387500 0.012500 0.016667
0 0.550000 0.382639 0.012500 0.018056
0 0.560937 0.407639 0.017188 0.023611
0 0.582422 0.400694 0.016406 0.023611
0 0.546484 0.456250 0.022656 0.029167
0 0.619531 0.455556 0.023438 0.027778
0 0.649219 0.580556 0.045312 0.047222
0 0.720313 0.569444 0.050000 0.072222
0 0.635156 0.729861 0.070312 0.123611
