1 0.117969 0.800694 0.231250 0.398611
0 0.221094 0.627778 0.050000 0.066667
0 0.389844 0.672917 0.065625 0.093056
0 0.301563 0.532639 0.045312 0.054167
0 0.370703 0.534722 0.039844 0.052778
0 0.362891 0.457639 0.036719 0.054167
0 0.396484 0.477083 0.030469 0.040278
0 0.441016 0.493750 0.024219 0.034722
0 0.385937 0.440278 0.021875 0.027778
0 0.414844 0.400694 0.014063 0.018056
0 0.432812 0.417361 0.017188 0.020833
0 0.453906 0.442361 0.018750 0.023611
0 0.461328 0.417361 0.019531 0.029167
0 0.452344 0.386806 0.009375 0.015278
0 0.471094 0.397917 0.012500 0.015278
0 0.528516 0.396528 0.013281 0.020833
0 0.553125 0.393056 0.012500 0.019444
0 0.574609 0.391667 0.011719 0.019444
0 0.569922 0.422917 0.017969 0.026389
0 0.590625 0.413194 0.015625 0.023611
0 0.558203 0.496528 0.027344 0.037500
0 0.641016 0.484028 0.028906 0.037500
0 0.722656 0.709722 0.068750 0.083333
0 0.808594 0.673611 0.078125 0.111111
