1 0.146484 0.773611 0.288281 0.452778
0 0.402734 0.625694 0.055469 0.076389
0 0.379297 0.513889 0.035156 0.047222
0 0.324219 0.505556 0.037500 0.044444
1 0.374219 0.445833 0.029687 0.047222
0 0.402734 0.468056 0.025781 0.030556
0 0.444141 0.484028 0.025781 0.034722
0 0.393359 0.431250 0.016406 0.020833
0 0.456641 0.434722 0.021094 0.025000
0 0.437500 0.411111 0.017188 0.022222
0 0.419531 0.395833 0.012500 0.019444
0 0.463281 0.409028 0.017188 0.026389
0 0.453906 0.382639 0.010937 0.015278
0 0.471484 0.390972 0.011719 0.018056
0 0.525781 0.382639 0.009375 0.018056
0 0.530078 0.406250 0.014844 0.020833
0 0.558203 0.402778 0.013281 0.022222
0 0.580469 0.399306 0.015625 0.020833
0 0.580469 0.440278 0.021875 0.030556
0 0.600781 0.426389 0.021875 0.027778
0 0.577734 0.561806 0.036719 0.056944
0 0.671094 0.520139 0.034375 0.045833
0 0.955078 0.870833 0.089844 0.194444
