1 0.152734 0.743056 0.297656 0.463889
0 0.302344 0.947222 0.098437 0.105556
0 0.413672 0.584028 0.046094 0.062500
0 0.391406 0.495139 0.032813 0.043056
0 0.343359 0.483333 0.032031 0.038889
1 0.384375 0.434028 0.025000 0.043056
0 0.410547 0.454861 0.024219 0.031944
0 0.449219 0.468056 0.023438 0.027778
0 0.458984 0.423611 0.016406 0.022222
0 0.441797 0.404167 0.014844 0.019444
0 0.423438 0.391667 0.012500 0.016667
0 0.466016 0.402083 0.014844 0.023611
0 0.457813 0.380556 0.009375 0.013889
0 0.529297 0.391667 0.010156 0.019444
0 0.566797 0.380556 0.010156 0.016667
0 0.537500 0.424306 0.014063 0.023611
0 0.564844 0.415278 0.014063 0.027778
0 0.590234 0.411111 0.016406 0.022222
0 0.595703 0.467361 0.024219 0.034722
0 0.617188 0.445139 0.021875 0.034722
0 0.721094 0.586111 0.050000 0.063889
0 0.625000 0.714583 0.065625 0.101389
