1 0.210938 0.668056 0.243750 0.391667
0 0.047266 0.835417 0.092969 0.134722
0 0.338281 0.840972 0.084375 0.137500
0 0.421484 0.555556 0.041406 0.055556
0 0.357812 0.467361 0.029687 0.031944
0 0.398828 0.479167 0.028906 0.036111
1 0.391797 0.425694 0.024219 0.040278
0 0.415234 0.442361 0.022656 0.029167
0 0.805078 0.690972 0.077344 0.104167
0 0.619531 0.506250 0.034375 0.054167
0 0.636328 0.468056 0.028906 0.041667
0 0.543750 0.443750 0.018750 0.031944
0 0.573828 0.433333 0.017969 0.033333
0 0.600391 0.424306 0.019531 0.029167
0 0.531250 0.400694 0.015625 0.020833
0 0.571094 0.386806 0.014063 0.018056
0 0.452344 0.458333 0.023438 0.030556
