0 0.139063 0.712500 0.079687 0.088889
1 0.262891 0.613889 0.180469 0.313889
0 0.367188 0.734028 0.068750 0.109722
0 0.369922 0.452083 0.025781 0.034722
0 0.400000 0.416667 0.020313 0.033333
0 0.408594 0.463889 0.025000 0.033333
0 0.427734 0.528472 0.039844 0.043056
0 0.456641 0.445139 0.021094 0.029167
0 0.423047 0.435417 0.019531 0.026389
0 0.463281 0.408333 0.015625 0.019444
0 0.470703 0.392361 0.014844 0.026389
0 0.536328 0.416667 0.014844 0.025000
0 0.578516 0.395139 0.013281 0.018056
0 0.555859 0.477778 0.025781 0.038889
0 0.586328 0.455556 0.021094 0.036111
0 0.615625 0.444444 0.025000 0.030556
0 0.666797 0.500694 0.038281 0.051389
0 0.658984 0.574306 0.047656 0.073611
