0 0.183594 0.746528 0.106250 0.109722
0 0.358594 0.793750 0.087500 0.131944
0 0.296875 0.636111 0.068750 0.097222
0 0.258984 0.581250 0.052344 0.068056
0 0.353125 0.469444 0.032813 0.038889
0 0.385547 0.490972 0.035156 0.040278
0 0.433594 0.512500 0.029687 0.050000
0 0.417187 0.440278 0.021875 0.033333
0 0.455469 0.437500 0.021875 0.033333
0 0.418750 0.397917 0.014063 0.020833
0 0.436328 0.400694 0.016406 0.023611
0 0.466406 0.399306 0.015625 0.020833
0 0.475781 0.381250 0.015625 0.020833
1 0.450000 0.359722 0.015625 0.033333
0 0.611719 0.661806 0.060937 0.101389
0 0.675000 0.610417 0.056250 0.081944
0 0.739844 0.597222 0.053125 0.075000
0 0.646094 0.486806 0.032813 0.045833
0 0.574609 0.441667 0.024219 0.033333
0 0.535937 0.409722 0.020313 0.033333
0 0.593359 0.419444 0.017969 0.030556
0 0.578906 0.400000 0.017188 0.022222
0 0.551562 0.395139 0.015625 0.020833
0 0.569531 0.382639 0.015625 0.026389
