0 0.200391 0.638194 0.053906 0.073611
1 0.298047 0.564583 0.139844 0.254167
0 0.386719 0.670139 0.053125 0.084722
0 0.434766 0.510417 0.033594 0.043056
0 0.380078 0.440972 0.021094 0.031944
0 0.415625 0.453472 0.021875 0.031944
0 0.408594 0.409722 0.023438 0.033333
0 0.425391 0.425694 0.019531 0.020833
0 0.458203 0.435417 0.017969 0.026389
0 0.436328 0.379167 0.011719 0.019444
0 0.451172 0.387500 0.011719 0.016667
0 0.466797 0.405556 0.014844 0.019444
0 0.471484 0.388194 0.011719 0.020833
0 0.528125 0.389583 0.012500 0.020833
0 0.549609 0.383333 0.010156 0.013889
0 0.540234 0.431250 0.016406 0.026389
0 0.584375 0.404861 0.014063 0.020833
0 0.571875 0.525694 0.031250 0.051389
0 0.603516 0.485417 0.025781 0.040278
0 0.636719 0.465278 0.028125 0.036111
0 0.707812 0.550694 0.048438 0.065278
0 0.732422 0.695833 0.075781 0.116667
