0 0.248828 0.584028 0.046094 0.054167
1 0.327734 0.531250 0.114844 0.212500
0 0.402734 0.615972 0.046094 0.068056
0 0.439453 0.488194 0.030469 0.040278
0 0.421875 0.443056 0.020313 0.033333
1 0.416406 0.404167 0.018750 0.030556
0 0.460547 0.427083 0.017969 0.020833
0 0.431250 0.419444 0.015625 0.022222
0 0.439844 0.375694 0.009375 0.015278
0 0.454297 0.383333 0.011719 0.013889
0 0.468750 0.398611 0.012500 0.013889
0 0.474609 0.384722 0.011719 0.019444
0 0.525391 0.377083 0.010156 0.018056
0 0.555078 0.393750 0.013281 0.018056
0 0.531641 0.400694 0.013281 0.020833
0 0.546875 0.457639 0.020313 0.031944
0 0.594531 0.416667 0.017188 0.019444
0 0.630859 0.536111 0.038281 0.058333
0 0.601172 0.615972 0.044531 0.076389
0 0.666406 0.504167 0.032813 0.047222
0 0.785937 0.639583 0.070312 0.093056
