0 0.167578 0.909028 0.130469 0.159722
0 0.325000 0.850694 0.092188 0.137500
0 0.280078 0.550694 0.038281 0.054167
0 0.412109 0.583333 0.041406 0.061111
1 0.348828 0.506944 0.100781 0.186111
0 0.444922 0.473611 0.027344 0.036111
0 0.425391 0.431250 0.019531 0.023611
0 0.398047 0.422222 0.016406 0.025000
1 0.423828 0.397917 0.017969 0.029167
0 0.435547 0.412500 0.013281 0.022222
0 0.463672 0.418750 0.017969 0.020833
0 0.456250 0.381250 0.010937 0.015278
0 0.470703 0.393750 0.013281 0.015278
0 0.526563 0.384028 0.010937 0.020833
0 0.536719 0.413889 0.015625 0.022222
0 0.559766 0.400000 0.014844 0.022222
0 0.557422 0.493056 0.025781 0.044444
0 0.606641 0.434722 0.022656 0.030556
1 0.675391 0.613889 0.057031 0.094444
0 0.710156 0.559028 0.048438 0.062500
0 0.663672 0.810417 0.086719 0.156944
0 0.931641 0.811806 0.132031 0.179167
