0 0.234375 0.786111 0.093750 0.113889
0 0.360547 0.731944 0.067969 0.100000
0 0.308594 0.518750 0.034375 0.043056
1 0.361328 0.484722 0.075781 0.158333
0 0.405859 0.413889 0.014844 0.022222
0 0.421484 0.552778 0.035156 0.055556
0 0.448437 0.460417 0.023438 0.031944
0 0.431641 0.422917 0.019531 0.023611
1 0.432812 0.391667 0.015625 0.025000
0 0.439844 0.405556 0.014063 0.016667
0 0.467578 0.412500 0.016406 0.022222
0 0.446094 0.368750 0.007812 0.012500
0 0.459375 0.375694 0.010937 0.015278
0 0.473047 0.388194 0.011719 0.012500
0 0.476562 0.375000 0.010937 0.019444
0 0.528516 0.391667 0.011719 0.019444
0 0.566797 0.413889 0.016406 0.025000
0 0.540625 0.431250 0.017188 0.029167
0 0.625000 0.454167 0.023438 0.030556
0 0.575781 0.552083 0.035937 0.056944
0 0.795312 0.655556 0.075000 0.091667
1 0.778906 0.792361 0.098437 0.170833
