0 0.276172 0.705556 0.075781 0.088889
0 0.381641 0.668056 0.057031 0.083333
0 0.327344 0.495833 0.029687 0.036111
1 0.377734 0.465972 0.071094 0.143056
0 0.427734 0.527083 0.032031 0.048611
0 0.451953 0.447222 0.022656 0.030556
0 0.435547 0.415972 0.014844 0.020833
0 0.443359 0.401389 0.011719 0.016667
1 0.439453 0.384722 0.014844 0.025000
0 0.468750 0.405556 0.012500 0.016667
0 0.474219 0.385417 0.010937 0.012500
0 0.460938 0.372917 0.007812 0.015278
0 0.478906 0.376389 0.009375 0.016667
0 0.530469 0.401389 0.012500 0.019444
0 0.569922 0.388194 0.010156 0.015278
0 0.576562 0.430556 0.017188 0.025000
0 0.548438 0.454167 0.021875 0.030556
0 0.648438 0.482639 0.029687 0.037500
0 0.607812 0.658333 0.054688 0.094444
0 0.943750 0.849306 0.112500 0.181944
