0 0.037891 0.869444 0.074219 0.138889
0 0.128125 0.931250 0.135937 0.137500
0 0.309375 0.646528 0.059375 0.073611
0 0.397266 0.615278 0.047656 0.069444
0 0.346484 0.476389 0.027344 0.033333
1 0.389844 0.449306 0.064062 0.126389
0 0.434766 0.504167 0.028906 0.041667
0 0.455859 0.435417 0.021094 0.023611
0 0.439844 0.409722 0.017188 0.019444
0 0.446094 0.397917 0.012500 0.012500
1 0.443750 0.381250 0.014063 0.023611
0 0.470313 0.399306 0.012500 0.020833
0 0.475781 0.381250 0.009375 0.012500
0 0.479687 0.370833 0.009375 0.016667
0 0.463672 0.369444 0.008594 0.016667
0 0.535547 0.413194 0.016406 0.026389
0 0.577344 0.397222 0.012500 0.016667
0 0.588672 0.451389 0.022656 0.030556
0 0.557813 0.488889 0.028125 0.041667
0 0.687109 0.527778 0.038281 0.050000
0 0.699219 0.922222 0.112500 0.155556
