0 0.109375 0.743750 0.101562 0.106944
0 0.196094 0.831944 0.103125 0.130556
0 0.331250 0.603472 0.051562 0.065278
0 0.408984 0.579167 0.042969 0.061111
0 0.439063 0.487500 0.025000 0.036111
1 0.399219 0.438889 0.054688 0.113889
0 0.360156 0.460417 0.021875 0.031944
0 0.458203 0.427083 0.019531 0.026389
0 0.442969 0.403472 0.014063 0.020833
0 0.472656 0.393750 0.012500 0.015278
0 0.539062 0.429167 0.017188 0.030556
0 0.583203 0.406250 0.014844 0.020833
0 0.606250 0.484028 0.029687 0.034722
0 0.574609 0.540278 0.036719 0.055556
0 0.744141 0.597222 0.057031 0.075000
