0 0.185547 0.655556 0.072656 0.077778
0 0.248828 0.736111 0.082031 0.102778
0 0.350781 0.569444 0.042188 0.055556
0 0.419531 0.545139 0.035937 0.051389
0 0.444141 0.472222 0.022656 0.038889
0 0.372656 0.445139 0.018750 0.029167
1 0.409375 0.425000 0.053125 0.097222
0 0.461719 0.418056 0.017188 0.022222
0 0.447266 0.399306 0.013281 0.018056
0 0.474219 0.389583 0.012500 0.018056
0 0.453125 0.372917 0.010937 0.015278
0 0.523828 0.367361 0.010156 0.015278
0 0.529687 0.384028 0.010937 0.015278
0 0.544141 0.379861 0.010156 0.015278
0 0.562891 0.373611 0.011719 0.016667
0 0.577734 0.395833 0.014844 0.016667
0 0.591406 0.418056 0.014063 0.019444
0 0.545703 0.453472 0.019531 0.031944
0 0.637109 0.537500 0.038281 0.050000
0 0.607422 0.648611 0.055469 0.091667
0 0.862500 0.733333 0.096875 0.119444
