0 0.283594 0.674306 0.064062 0.087500
0 0.233984 0.601389 0.061719 0.069444
0 0.364063 0.543056 0.039062 0.050000
0 0.425781 0.522917 0.032813 0.045833
0 0.447656 0.458333 0.021875 0.030556
0 0.383203 0.434722 0.017969 0.022222
1 0.414844 0.417361 0.045312 0.090278
0 0.463281 0.411111 0.017188 0.022222
0 0.449609 0.393750 0.011719 0.018056
0 0.476562 0.385417 0.010937 0.015278
0 0.532813 0.390278 0.010937 0.016667
0 0.547266 0.385417 0.011719 0.018056
0 0.566016 0.377083 0.011719 0.015278
0 0.583203 0.404167 0.013281 0.022222
0 0.602344 0.430556 0.014063 0.022222
0 0.554688 0.485417 0.026562 0.043056
0 0.689844 0.622917 0.059375 0.079167
0 0.682813 0.883333 0.109375 0.200000
