0 0.330469 0.879167 0.107813 0.163889
0 0.310547 0.624306 0.053906 0.073611
0 0.273828 0.554861 0.047656 0.054167
0 0.377344 0.516667 0.035937 0.047222
0 0.433594 0.502083 0.029687 0.037500
0 0.392578 0.426389 0.017969 0.027778
1 0.422656 0.406944 0.040625 0.083333
0 0.451953 0.445139 0.019531 0.026389
0 0.466797 0.402778 0.014844 0.022222
0 0.452344 0.389583 0.010937 0.018056
0 0.478125 0.379861 0.010937 0.012500
0 0.525781 0.377778 0.010937 0.019444
0 0.568750 0.384028 0.012500 0.015278
0 0.537109 0.402083 0.011719 0.018056
0 0.552344 0.394444 0.010937 0.019444
0 0.593359 0.415972 0.016406 0.023611
0 0.616797 0.451389 0.021094 0.027778
1 0.571094 0.540278 0.035937 0.061111
0 0.816797 0.837500 0.119531 0.166667
