0 0.242188 0.677778 0.084375 0.086111
0 0.388281 0.681944 0.065625 0.094444
0 0.323828 0.594444 0.058594 0.077778
0 0.284766 0.550000 0.044531 0.055556
0 0.364063 0.458333 0.026562 0.036111
0 0.396094 0.475000 0.026562 0.036111
0 0.439844 0.490972 0.026562 0.040278
0 0.421875 0.431250 0.021875 0.031944
0 0.458203 0.425694 0.019531 0.031944
0 0.422656 0.393056 0.014063 0.022222
0 0.441797 0.397222 0.016406 0.022222
0 0.469531 0.393750 0.014063 0.020833
0 0.476562 0.379861 0.014063 0.020833
0 0.454297 0.385417 0.011719 0.015278
1 0.450781 0.356250 0.014063 0.031944
0 0.702734 0.925000 0.117969 0.150000
0 0.763281 0.759028 0.098437 0.137500
0 0.823438 0.694444 0.075000 0.105556
0 0.675000 0.520833 0.040625 0.061111
0 0.589063 0.469444 0.028125 0.044444
0 0.541406 0.425000 0.023438 0.038889
0 0.555859 0.404167 0.013281 0.022222
0 0.573828 0.388889 0.016406 0.027778
0 0.585156 0.408333 0.014063 0.025000
0 0.602344 0.431944 0.020313 0.025000
0 0.528125 0.379167 0.010937 0.027778
0 0.562109 0.371528 0.011719 0.018056
0 0.546875 0.381250 0.014063 0.020833
