0 0.368359 0.763889 0.082031 0.122222
0 0.332422 0.590278 0.049219 0.066667
0 0.301172 0.527083 0.039844 0.045833
0 0.386719 0.500000 0.029687 0.038889
0 0.439453 0.486111 0.027344 0.038889
0 0.400000 0.418056 0.015625 0.025000
1 0.428516 0.400000 0.038281 0.075000
0 0.455469 0.434722 0.017188 0.027778
0 0.454688 0.384722 0.010937 0.016667
0 0.469141 0.399306 0.013281 0.015278
0 0.480078 0.377778 0.011719 0.011111
0 0.527344 0.387500 0.014063 0.022222
0 0.541797 0.413889 0.014844 0.022222
0 0.557813 0.404861 0.012500 0.018056
0 0.573828 0.390972 0.014844 0.020833
0 0.604688 0.429167 0.018750 0.027778
0 0.637109 0.476389 0.027344 0.036111
1 0.598437 0.629167 0.053125 0.097222
