0 0.099609 0.755556 0.102344 0.116667
0 0.393359 0.678472 0.063281 0.098611
0 0.349609 0.558333 0.042969 0.055556
0 0.325391 0.499306 0.033594 0.037500
0 0.396094 0.481250 0.026562 0.037500
0 0.444141 0.468056 0.024219 0.033333
0 0.408203 0.409722 0.016406 0.019444
1 0.433984 0.393750 0.035156 0.070833
0 0.459375 0.425000 0.017188 0.022222
0 0.457031 0.382639 0.010937 0.015278
0 0.471484 0.393056 0.011719 0.016667
0 0.530859 0.398611 0.013281 0.022222
0 0.580078 0.399306 0.016406 0.018056
0 0.565625 0.419444 0.015625 0.025000
0 0.549219 0.433333 0.017188 0.027778
0 0.619922 0.448611 0.024219 0.033333
0 0.667188 0.513889 0.032813 0.044444
1 0.672266 0.856944 0.102344 0.211111
