0 0.093359 0.948611 0.155469 0.102778
0 0.167187 0.674306 0.078125 0.090278
0 0.410156 0.623611 0.053125 0.075000
0 0.364063 0.533333 0.035937 0.052778
0 0.342187 0.479167 0.029687 0.036111
0 0.404297 0.466667 0.025781 0.036111
0 0.448047 0.455556 0.024219 0.036111
0 0.413672 0.404167 0.014844 0.022222
0 0.461719 0.417361 0.017188 0.020833
1 0.438281 0.387500 0.031250 0.063889
0 0.473438 0.387500 0.012500 0.016667
0 0.459766 0.379861 0.011719 0.015278
0 0.482422 0.371528 0.008594 0.009722
0 0.525391 0.375694 0.011719 0.015278
0 0.534766 0.409028 0.013281 0.023611
0 0.567578 0.386806 0.010156 0.015278
0 0.587891 0.409722 0.014844 0.019444
0 0.575000 0.434028 0.017188 0.023611
0 0.557031 0.457639 0.020313 0.029167
0 0.639453 0.470833 0.028906 0.038889
0 0.710156 0.567361 0.045312 0.056944
