0 0.182031 0.836806 0.115625 0.134722
0 0.287109 0.947222 0.114844 0.105556
0 0.219531 0.614583 0.062500 0.070833
0 0.422656 0.580556 0.045312 0.066667
0 0.375781 0.510417 0.032813 0.040278
0 0.358594 0.462500 0.025000 0.027778
0 0.412109 0.452083 0.021094 0.031944
0 0.451953 0.443750 0.022656 0.026389
0 0.464453 0.409722 0.014844 0.022222
0 0.418750 0.397222 0.014063 0.016667
1 0.442188 0.381944 0.028125 0.058333
0 0.475781 0.384028 0.010937 0.018056
0 0.462109 0.374306 0.008594 0.015278
0 0.526563 0.384028 0.014063 0.015278
0 0.541016 0.425694 0.016406 0.029167
0 0.597266 0.422917 0.017969 0.023611
0 0.587891 0.457639 0.022656 0.031944
0 0.569922 0.489583 0.025781 0.037500
0 0.668750 0.504861 0.035937 0.048611
0 0.790625 0.666667 0.070312 0.086111
