0 0.239453 0.735417 0.086719 0.104167
0 0.332813 0.832639 0.093750 0.137500
0 0.257031 0.575694 0.051562 0.062500
0 0.431641 0.550000 0.038281 0.052778
0 0.387500 0.494444 0.028125 0.038889
0 0.369531 0.448611 0.023438 0.027778
0 0.417969 0.441667 0.020313 0.025000
0 0.453906 0.431944 0.018750 0.025000
0 0.424609 0.391667 0.013281 0.016667
1 0.446094 0.377778 0.028125 0.058333
0 0.468750 0.404167 0.014063 0.022222
0 0.476562 0.379167 0.012500 0.016667
0 0.528906 0.391667 0.014063 0.019444
0 0.547656 0.384722 0.010937 0.016667
0 0.578906 0.403472 0.012500 0.015278
0 0.548828 0.444444 0.019531 0.038889
0 0.539062 0.419444 0.014063 0.022222
0 0.610547 0.439583 0.021094 0.026389
0 0.606250 0.489583 0.026562 0.040278
0 0.590625 0.543056 0.035937 0.055556
0 0.708984 0.552778 0.047656 0.063889
0 0.943359 0.865278 0.113281 0.169444
