0 0.083594 0.798611 0.118750 0.127778
0 0.283203 0.661806 0.066406 0.081944
0 0.367578 0.720833 0.071094 0.102778
0 0.287109 0.540972 0.042969 0.054167
0 0.381641 0.438194 0.021094 0.026389
0 0.397656 0.476389 0.026562 0.036111
0 0.439453 0.520139 0.033594 0.045833
0 0.424609 0.431944 0.017969 0.025000
0 0.457031 0.424306 0.017188 0.023611
0 0.428125 0.386806 0.010937 0.015278
1 0.449219 0.372222 0.025000 0.050000
0 0.470703 0.398611 0.011719 0.019444
0 0.478516 0.376389 0.011719 0.013889
0 0.532422 0.404167 0.016406 0.019444
0 0.550391 0.392361 0.011719 0.018056
0 0.569141 0.384722 0.011719 0.016667
0 0.579688 0.400000 0.012500 0.016667
0 0.588672 0.414583 0.014844 0.018056
0 0.546484 0.438889 0.017969 0.027778
1 0.560156 0.478472 0.026562 0.048611
0 0.628516 0.462500 0.022656 0.038889
0 0.635547 0.543750 0.035156 0.051389
0 0.629297 0.644444 0.053906 0.088889
0 0.777344 0.634028 0.067187 0.093056
