0 0.159375 0.703472 0.087500 0.098611
0 0.312500 0.608333 0.056250 0.063889
0 0.389453 0.654861 0.057031 0.081944
0 0.309766 0.516667 0.038281 0.044444
0 0.389844 0.429167 0.020313 0.025000
0 0.405859 0.461806 0.025781 0.031944
0 0.443750 0.500694 0.031250 0.043056
0 0.428516 0.425000 0.014844 0.025000
0 0.460156 0.415278 0.017188 0.019444
0 0.433203 0.384722 0.010156 0.019444
0 0.472266 0.391667 0.011719 0.019444
0 0.480078 0.372222 0.010156 0.013889
1 0.451953 0.368750 0.024219 0.048611
0 0.537109 0.415972 0.019531 0.029167
0 0.555859 0.402778 0.013281 0.019444
0 0.550781 0.384028 0.012500 0.018056
0 0.573438 0.392361 0.012500 0.018056
0 0.587500 0.411111 0.012500 0.019444
0 0.600000 0.429861 0.018750 0.023611
0 0.557422 0.465278 0.024219 0.030556
1 0.575781 0.525000 0.037500 0.069444
0 0.651953 0.491667 0.032031 0.044444
0 0.682813 0.625694 0.051562 0.081944
0 0.715625 0.880556 0.106250 0.191667
0 0.900000 0.779861 0.110937 0.159722
