0 0.214844 0.638194 0.070312 0.079167
0 0.337109 0.570139 0.046094 0.056944
0 0.406250 0.601389 0.045312 0.066667
0 0.330469 0.495833 0.034375 0.038889
0 0.414453 0.451389 0.022656 0.033333
0 0.448828 0.483333 0.025781 0.038889
0 0.398047 0.420139 0.019531 0.023611
0 0.433594 0.415278 0.015625 0.025000
0 0.463672 0.409028 0.016406 0.020833
0 0.437109 0.378472 0.010156 0.015278
1 0.455469 0.366667 0.021875 0.050000
0 0.475391 0.387500 0.011719 0.016667
0 0.482031 0.370139 0.009375 0.015278
0 0.525391 0.373611 0.010156 0.016667
0 0.555078 0.392361 0.013281 0.018056
0 0.571094 0.386111 0.010937 0.013889
0 0.579688 0.402083 0.012500 0.018056
0 0.562891 0.417361 0.014844 0.020833
0 0.544141 0.436111 0.021094 0.030556
0 0.598437 0.425000 0.018750 0.025000
0 0.614453 0.447917 0.022656 0.026389
0 0.573047 0.508333 0.030469 0.047222
1 0.604688 0.613194 0.051562 0.106944
0 0.690234 0.538889 0.041406 0.055556
0 0.794922 0.818750 0.102344 0.165278
