0 0.183984 0.866667 0.144531 0.155556
0 0.251563 0.588889 0.056250 0.063889
0 0.417578 0.565972 0.041406 0.054167
0 0.354687 0.538889 0.040625 0.050000
0 0.345313 0.478472 0.028125 0.037500
0 0.402734 0.409722 0.014844 0.019444
0 0.419531 0.439583 0.018750 0.029167
0 0.451172 0.468056 0.024219 0.033333
0 0.438672 0.409028 0.013281 0.018056
0 0.464844 0.401389 0.014063 0.019444
0 0.476562 0.384722 0.009375 0.016667
1 0.457031 0.362500 0.020313 0.041667
0 0.439063 0.375694 0.009375 0.015278
0 0.483203 0.368056 0.008594 0.011111
0 0.525781 0.379167 0.010937 0.013889
0 0.567578 0.382639 0.008594 0.015278
1 0.559375 0.364583 0.012500 0.023611
0 0.559375 0.402083 0.014063 0.018056
0 0.576562 0.393750 0.012500 0.018056
0 0.587500 0.409722 0.015625 0.019444
0 0.572656 0.434722 0.017188 0.025000
0 0.551562 0.460417 0.026562 0.037500
0 0.611328 0.437500 0.021094 0.027778
0 0.633594 0.472222 0.028125 0.033333
0 0.597656 0.572917 0.046875 0.065278
0 0.747266 0.606250 0.058594 0.079167
1 0.664453 0.807639 0.091406 0.204167
