0 0.252734 0.747917 0.100781 0.123611
0 0.283984 0.553472 0.046094 0.051389
0 0.371094 0.515972 0.034375 0.048611
0 0.360156 0.462500 0.025000 0.036111
0 0.427344 0.537500 0.035937 0.052778
0 0.425781 0.430556 0.018750 0.025000
0 0.410156 0.404167 0.014063 0.016667
0 0.454688 0.454167 0.023438 0.033333
0 0.443750 0.402083 0.014063 0.018056
0 0.468359 0.397917 0.013281 0.018056
0 0.478125 0.379167 0.010937 0.016667
0 0.442188 0.372917 0.009375 0.012500
1 0.460156 0.363194 0.020313 0.045833
0 0.527344 0.386806 0.012500 0.018056
1 0.561719 0.368750 0.010937 0.026389
0 0.572656 0.390972 0.012500 0.018056
0 0.567187 0.415972 0.015625 0.023611
0 0.582422 0.402778 0.014844 0.016667
0 0.597656 0.424306 0.017188 0.026389
0 0.585547 0.457639 0.021094 0.029167
0 0.564453 0.496528 0.032031 0.043056
0 0.629297 0.459028 0.022656 0.031944
0 0.661328 0.504167 0.035156 0.038889
0 0.651953 0.713194 0.072656 0.109722
0 0.867969 0.756250 0.101562 0.129167
0 0.310156 0.940278 0.117188 0.119444
