0 0.142578 0.917361 0.125781 0.165278
0 0.285156 0.622222 0.067187 0.075000
0 0.306250 0.523611 0.040625 0.052778
0 0.342969 0.558333 0.050000 0.066667
0 0.408984 0.612500 0.052344 0.077778
0 0.374609 0.447222 0.024219 0.033333
0 0.404687 0.461806 0.025000 0.034722
0 0.446875 0.471528 0.025000 0.037500
0 0.426563 0.422917 0.021875 0.029167
0 0.426953 0.390278 0.014844 0.019444
0 0.460547 0.419444 0.019531 0.027778
0 0.445703 0.392361 0.013281 0.020833
0 0.471875 0.388194 0.014063 0.018056
0 0.476953 0.375000 0.013281 0.016667
0 0.457422 0.381250 0.010156 0.018056
1 0.453125 0.356944 0.012500 0.027778
0 0.967578 0.907639 0.064844 0.173611
0 0.723047 0.577778 0.053906 0.075000
0 0.610547 0.506250 0.035156 0.045833
0 0.547266 0.446528 0.024219 0.045833
0 0.616406 0.447222 0.025000 0.030556
0 0.594141 0.420139 0.017969 0.029167
0 0.580078 0.395833 0.017969 0.027778
0 0.565234 0.417361 0.017969 0.026389
0 0.530859 0.389583 0.016406 0.029167
