0 0.353906 0.831944 0.087500 0.138889
0 0.293359 0.674306 0.078906 0.095833
0 0.307031 0.526389 0.040625 0.047222
0 0.381641 0.495139 0.032031 0.040278
0 0.371094 0.451389 0.023438 0.030556
0 0.433984 0.510417 0.030469 0.043056
0 0.432031 0.420139 0.017188 0.023611
0 0.415625 0.398611 0.012500 0.019444
0 0.458984 0.443056 0.019531 0.025000
0 0.446094 0.397917 0.012500 0.015278
0 0.445703 0.370139 0.010156 0.015278
0 0.469922 0.392361 0.013281 0.015278
1 0.462500 0.358333 0.017188 0.038889
0 0.480078 0.376389 0.010156 0.013889
0 0.485156 0.361806 0.007812 0.012500
0 0.524609 0.372917 0.010156 0.018056
0 0.529297 0.395139 0.013281 0.018056
0 0.565234 0.372222 0.013281 0.025000
0 0.576953 0.395833 0.010156 0.019444
0 0.589844 0.412500 0.014063 0.027778
0 0.576562 0.435417 0.020313 0.029167
0 0.610547 0.438194 0.021094 0.029167
0 0.604688 0.492361 0.026562 0.043056
0 0.585938 0.556944 0.042188 0.058333
0 0.650781 0.485417 0.029687 0.043056
0 0.701172 0.554861 0.046094 0.059722
