0 0.384766 0.721528 0.067969 0.104167
0 0.323828 0.613194 0.061719 0.079167
0 0.327734 0.504167 0.035156 0.041667
0 0.392188 0.478472 0.029687 0.037500
0 0.381250 0.438194 0.021875 0.029167
0 0.438672 0.487500 0.027344 0.038889
0 0.421875 0.393056 0.010937 0.016667
0 0.437109 0.413194 0.014844 0.018056
0 0.461328 0.431250 0.017969 0.023611
0 0.450391 0.392361 0.011719 0.015278
0 0.470703 0.386111 0.011719 0.019444
1 0.464844 0.354167 0.015625 0.036111
0 0.448437 0.365972 0.007812 0.012500
0 0.481250 0.374306 0.009375 0.012500
0 0.526172 0.379861 0.010156 0.020833
1 0.569531 0.379167 0.014063 0.030556
0 0.532031 0.409028 0.015625 0.023611
0 0.584766 0.406250 0.013281 0.020833
0 0.599609 0.425000 0.017969 0.022222
0 0.590625 0.458333 0.025000 0.033333
0 0.628125 0.456944 0.028125 0.033333
0 0.683594 0.525000 0.034375 0.050000
0 0.636328 0.551389 0.038281 0.050000
0 0.626953 0.677083 0.066406 0.098611
0 0.773828 0.645139 0.067969 0.084722
