0 0.156250 0.918056 0.139063 0.163889
0 0.403125 0.652778 0.054688 0.083333
0 0.346875 0.573611 0.051562 0.058333
0 0.342969 0.485417 0.031250 0.040278
0 0.400781 0.463889 0.025000 0.036111
0 0.391016 0.429167 0.019531 0.025000
0 0.443750 0.472917 0.025000 0.031944
0 0.439844 0.406250 0.014063 0.020833
0 0.425391 0.388194 0.010156 0.018056
0 0.465625 0.422917 0.015625 0.026389
0 0.452344 0.388194 0.010937 0.015278
0 0.473438 0.380556 0.012500 0.016667
1 0.527734 0.388889 0.013281 0.025000
1 0.573828 0.384722 0.014844 0.030556
0 0.537500 0.424306 0.018750 0.029167
0 0.591406 0.414583 0.015625 0.023611
0 0.610547 0.440278 0.022656 0.025000
0 0.610547 0.493750 0.032031 0.043056
0 0.649609 0.484028 0.030469 0.043056
0 0.732031 0.580556 0.048438 0.066667
0 0.692969 0.651389 0.059375 0.083333
0 0.912891 0.821528 0.124219 0.156944
0 0.731641 0.925000 0.124219 0.150000
