0 0.230859 0.777778 0.099219 0.113889
0 0.364844 0.540972 0.043750 0.051389
0 0.417187 0.600694 0.045312 0.068056
0 0.357031 0.470139 0.026562 0.034722
0 0.409766 0.447222 0.022656 0.030556
0 0.399219 0.420833 0.017188 0.025000
0 0.448047 0.457639 0.022656 0.031944
0 0.431250 0.384722 0.010937 0.013889
0 0.443750 0.399306 0.012500 0.015278
0 0.467969 0.415278 0.014063 0.019444
0 0.456641 0.381944 0.011719 0.013889
1 0.529687 0.400000 0.014063 0.027778
1 0.578906 0.391667 0.017188 0.036111
0 0.543359 0.445833 0.021094 0.033333
0 0.601172 0.427778 0.017969 0.025000
0 0.627344 0.460417 0.025000 0.031944
0 0.681641 0.522917 0.039844 0.051389
0 0.643750 0.552083 0.046875 0.056944
0 0.822266 0.681944 0.074219 0.100000
0 0.841797 0.909028 0.136719 0.181944
