0 0.037109 0.898611 0.072656 0.147222
0 0.292969 0.935417 0.120313 0.129167
0 0.275781 0.698611 0.078125 0.097222
0 0.379688 0.517361 0.040625 0.054167
0 0.426953 0.565278 0.039844 0.055556
0 0.367969 0.456250 0.025000 0.031944
0 0.416406 0.440972 0.021875 0.029167
0 0.405859 0.413194 0.014844 0.020833
0 0.450391 0.447917 0.019531 0.029167
0 0.446094 0.395139 0.010937 0.015278
0 0.469141 0.409028 0.013281 0.018056
0 0.435547 0.381944 0.011719 0.013889
0 0.457813 0.381250 0.009375 0.012500
1 0.533203 0.411806 0.016406 0.031944
1 0.584766 0.400000 0.017969 0.038889
1 0.571094 0.371528 0.020313 0.043056
0 0.554297 0.476389 0.027344 0.041667
0 0.613281 0.443056 0.021875 0.036111
0 0.647266 0.484028 0.028906 0.037500
0 0.701172 0.650694 0.066406 0.093056
0 0.726172 0.575694 0.052344 0.065278
0 0.965625 0.885417 0.068750 0.170833
