0 0.108203 0.945833 0.144531 0.108333
0 0.341797 0.806250 0.086719 0.131944
0 0.114453 0.757639 0.105469 0.109722
0 0.311328 0.638194 0.060156 0.079167
0 0.392188 0.495833 0.034375 0.044444
0 0.433984 0.534028 0.035156 0.048611
0 0.378125 0.445139 0.023438 0.031944
0 0.423047 0.430556 0.021094 0.025000
0 0.412891 0.406250 0.014844 0.020833
0 0.452344 0.434028 0.020313 0.023611
0 0.450781 0.391667 0.010937 0.019444
0 0.471875 0.402083 0.014063 0.018056
0 0.460156 0.377778 0.010937 0.016667
0 0.439453 0.377083 0.010156 0.015278
0 0.458203 0.359028 0.007031 0.012500
0 0.528516 0.395139 0.013281 0.018056
0 0.546094 0.381944 0.010937 0.013889
1 0.574219 0.377083 0.021875 0.048611
1 0.539062 0.430556 0.018750 0.041667
1 0.594531 0.410417 0.021875 0.043056
0 0.572656 0.527083 0.037500 0.059722
0 0.629687 0.462500 0.026562 0.038889
0 0.676562 0.520139 0.035937 0.045833
0 0.807422 0.672222 0.080469 0.097222
0 0.855469 0.901389 0.142187 0.197222
