0 0.191406 0.838889 0.107813 0.144444
0 0.369922 0.709028 0.066406 0.098611
0 0.184375 0.671528 0.081250 0.084722
0 0.333984 0.593056 0.050781 0.066667
0 0.440234 0.512500 0.032031 0.047222
0 0.401562 0.477083 0.031250 0.037500
0 0.386328 0.436111 0.022656 0.027778
0 0.428516 0.423611 0.019531 0.027778
0 0.455078 0.426389 0.017969 0.022222
0 0.418359 0.401389 0.013281 0.019444
0 0.453906 0.385417 0.010937 0.018056
0 0.473438 0.394444 0.010937 0.016667
0 0.530469 0.406250 0.017188 0.018056
0 0.550391 0.388889 0.011719 0.016667
1 0.580469 0.381944 0.028125 0.055556
1 0.546875 0.450694 0.021875 0.045833
1 0.606250 0.424306 0.021875 0.048611
0 0.648047 0.486111 0.030469 0.041667
0 0.602344 0.604861 0.048438 0.076389
0 0.717969 0.571528 0.046875 0.059722
0 0.941797 0.843056 0.116406 0.166667
