0 0.356250 0.834722 0.085938 0.144444
0 0.251953 0.728472 0.078906 0.106944
0 0.238281 0.609722 0.059375 0.063889
0 0.391797 0.638194 0.053906 0.079167
0 0.354297 0.556250 0.042969 0.054167
0 0.445703 0.490278 0.027344 0.036111
0 0.409375 0.463889 0.026562 0.036111
0 0.395703 0.425694 0.021094 0.026389
0 0.432812 0.416667 0.017188 0.022222
0 0.458984 0.416667 0.017969 0.022222
0 0.424609 0.393750 0.010156 0.015278
0 0.455469 0.381944 0.009375 0.016667
0 0.475781 0.390278 0.010937 0.016667
0 0.556641 0.402083 0.014844 0.023611
0 0.535156 0.420139 0.017188 0.018056
1 0.587891 0.391667 0.028906 0.063889
1 0.558203 0.485417 0.027344 0.059722
1 0.622266 0.443750 0.028906 0.062500
0 0.678125 0.522917 0.040625 0.056944
0 0.791406 0.661806 0.068750 0.090278
0 0.675391 0.797917 0.092969 0.156944
