0 0.382812 0.724306 0.067187 0.101389
0 0.289844 0.659722 0.068750 0.080556
0 0.273438 0.570833 0.048438 0.061111
0 0.406250 0.590278 0.045312 0.063889
0 0.368359 0.534722 0.038281 0.047222
0 0.416016 0.451389 0.024219 0.030556
0 0.449219 0.475694 0.025000 0.034722
0 0.401562 0.418056 0.018750 0.022222
0 0.437109 0.410417 0.013281 0.023611
0 0.429297 0.386806 0.011719 0.015278
0 0.460938 0.410417 0.017188 0.020833
0 0.459375 0.378472 0.009375 0.012500
0 0.476172 0.386806 0.011719 0.015278
0 0.449219 0.370139 0.009375 0.012500
0 0.529297 0.382639 0.011719 0.015278
0 0.530469 0.401389 0.014063 0.019444
0 0.564453 0.415972 0.016406 0.023611
0 0.540234 0.440278 0.021094 0.027778
1 0.598437 0.402778 0.034375 0.072222
1 0.642578 0.464583 0.035156 0.070833
1 0.577344 0.538194 0.040625 0.079167
0 0.719922 0.572917 0.052344 0.073611
0 0.924609 0.822222 0.116406 0.155556
