0 0.319531 0.605556 0.054688 0.066667
0 0.302734 0.535417 0.041406 0.048611
0 0.403906 0.647917 0.054688 0.079167
0 0.417969 0.551389 0.039062 0.052778
0 0.380078 0.509722 0.032031 0.038889
0 0.421094 0.438889 0.021875 0.025000
0 0.408594 0.411806 0.017188 0.026389
0 0.440625 0.403472 0.014063 0.023611
0 0.451953 0.457639 0.022656 0.031944
0 0.463281 0.404861 0.015625 0.020833
0 0.433203 0.384028 0.011719 0.018056
0 0.531641 0.393056 0.014844 0.016667
0 0.532813 0.413889 0.017188 0.022222
0 0.574609 0.438889 0.021094 0.027778
0 0.548047 0.467361 0.022656 0.031944
1 0.609766 0.415972 0.041406 0.084722
1 0.672656 0.496528 0.043750 0.084722
1 0.614453 0.644444 0.058594 0.127778
0 0.792188 0.656250 0.071875 0.104167
0 0.039062 0.899306 0.076563 0.156944
